800
205 84 28
986 144 135
577 116 59
490 163 65
985 376 98
266 126 26
173 57 25
198 53 41
300 89 65
274 70 38
795 231 10
500 90 65
462 21 80
876 40 47
105 20 5
396 95 21
974 123 31
278 93 37
757 365 55
719 244 172
495 246 28
254 16 18
543 260 80
834 191 90
941 217 35
754 327 21
773 233 129
307 1 37
565 194 117
908 421 118
388 158 37
180 23 22
525 213 51
440 147 71
866 2 150
467 167 76
575 117 58
565 260 125
727 16 180
507 131 30
510 216 63
296 75 46
693 156 83
737 32 8
370 25 9
535 15 61
807 273 123
809 87 33
206 18 11
669 316 129
333 27 7
234 78 6
577 120 105
943 342 16
959 288 153
191 70 6
295 5 6
697 252 173
987 126 76
860 231 30
148 19 28
112 14 8
925 109 80
384 63 78
610 36 64
440 114 51
488 97 12
329 11 35
277 124 68
179 84 18
403 132 75
240 79 48
330 66 76
617 45 14
556 87 34
350 48 65
214 19 35
112 37 9
239 97 4
974 25 240
687 127 68
783 100 134
840 326 9
102 10 19
242 17 35
829 241 39
616 18 108
627 224 140
311 50 15
865 334 203
585 83 130
830 352 191
789 77 40
118 52 2
492 118 69
169 17 19
944 434 165
779 308 182
850 68 181
562 175 32
925 61 114
554 100 32
768 6 11
311 94 57
219 104 27
423 47 77
336 94 53
645 125 145
187 36 38
993 176 45
849 225 24
977 213 75
408 125 15
150 7 2
390 150 20
491 113 98
950 163 57
892 345 52
925 439 8
585 207 120
163 6 25
997 52 127
723 273 153
897 388 89
604 277 21
940 181 189
672 226 88
359 60 44
207 41 38
409 159 41
711 66 86
542 168 55
560 49 78
733 324 112
156 19 29
168 45 39
634 149 19
230 1 20
308 108 46
176 78 2
262 13 35
493 177 26
662 179 153
328 63 36
168 80 3
598 202 36
159 6 34
710 19 46
438 59 43
639 42 81
692 86 58
851 62 69
939 101 227
887 129 170
640 71 117
177 59 38
339 156 81
741 245 143
491 111 100
390 91 10
551 188 16
677 1 85
381 175 58
416 170 72
894 113 176
263 119 61
791 341 24
493 79 89
162 55 32
826 301 80
262 129 19
108 28 26
151 67 23
970 79 98
925 447 137
445 120 94
362 80 71
927 390 210
961 392 73
916 147 145
723 248 109
597 162 76
490 240 75
193 94 32
293 144 59
288 34 21
552 139 30
176 3 41
588 90 19
936 189 152
213 78 35
159 54 32
719 61 96
917 363 90
739 303 74
178 19 34
423 151 67
219 68 7
672 112 61
169 22 37
836 209 85
793 11 192
294 104 16
575 21 8
620 283 94
105 21 5
151 15 26
599 78 17
305 58 21
176 5 17
278 18 35
139 29 3
405 123 75
307 90 20
196 84 48
769 236 189
929 184 13
571 166 117
581 259 56
300 54 30
971 394 201
113 37 27
749 44 21
402 185 7
503 170 5
660 2 99
959 382 146
134 25 21
460 185 48
861 228 40
858 383 136
781 74 24
175 80 42
492 90 117
744 243 61
661 276 98
187 19 20
570 143 102
775 55 99
886 213 78
429 102 91
488 86 57
603 6 82
314 129 22
444 59 73
647 209 144
628 134 45
365 27 12
604 95 33
147 56 26
183 88 34
919 249 6
607 42 29
934 289 216
471 4 17
682 206 43
497 208 9
187 37 22
550 221 16
552 118 65
568 81 98
691 55 34
571 252 34
118 16 9
121 3 11
932 452 164
275 108 10
748 329 5
608 108 46
554 93 5
152 21 21
898 322 205
416 69 36
298 135 51
744 88 145
418 11 94
644 164 128
706 121 46
696 325 123
448 68 56
351 2 11
267 100 47
586 203 47
875 23 77
912 436 101
634 105 14
386 17 5
127 23 30
484 43 116
452 71 5
605 117 2
668 122 85
189 30 23
146 52 4
909 8 80
615 285 84
634 214 156
164 7 11
542 29 133
910 427 145
548 141 15
925 380 94
372 110 45
264 45 23
400 78 7
738 348 67
665 89 49
669 115 49
603 154 6
687 336 113
351 10 82
201 6 49
245 95 23
136 49 10
547 147 86
961 350 71
692 242 19
560 122 32
412 47 80
807 109 135
271 81 39
471 97 33
359 93 81
237 39 38
224 32 5
478 132 51
420 5 69
659 315 55
124 38 9
496 37 87
126 29 14
304 65 63
639 170 145
335 27 52
713 322 100
377 80 14
324 101 5
144 18 25
343 149 69
438 17 16
759 378 102
890 216 113
691 253 18
253 34 14
506 150 71
534 169 2
391 100 82
916 243 70
666 71 94
714 117 92
273 84 34
541 108 21
191 7 15
810 340 25
247 82 12
700 224 98
429 202 14
954 18 131
618 223 147
578 15 121
899 412 5
533 165 71
388 74 84
818 279 180
349 147 64
133 16 7
754 312 38
661 199 137
882 19 7
454 145 58
645 292 101
114 11 25
914 113 173
711 284 115
442 14 57
754 260 142
510 251 26
944 256 190
231 66 15
901 135 176
771 43 140
346 15 20
978 246 43
389 16 21
137 24 12
600 4 104
397 166 84
419 140 81
727 46 158
671 156 122
593 25 44
708 85 17
478 16 29
872 46 133
943 140 114
736 62 108
546 78 87
952 385 3
614 299 148
389 109 79
209 33 15
689 337 45
883 66 123
836 341 87
286 107 54
651 38 73
797 116 123
159 72 33
931 285 6
698 258 137
269 1 31
603 173 21
526 171 44
754 255 144
369 104 91
429 21 94
364 70 83
178 25 6
330 60 75
452 19 79
404 141 28
642 169 11
874 317 5
416 25 16
735 160 122
216 43 3
962 355 12
475 102 16
924 218 171
107 9 17
546 107 40
397 116 36
899 239 139
548 150 109
515 54 27
667 43 32
820 305 67
715 85 71
916 330 214
648 311 86
295 63 40
977 428 95
823 25 78
362 55 56
548 128 66
319 37 55
904 22 131
225 64 4
449 26 99
955 7 107
676 284 121
848 34 36
514 25 90
476 55 107
269 127 21
522 249 31
299 51 30
775 290 57
874 201 202
991 239 84
719 259 177
708 42 47
222 42 28
780 18 168
694 339 113
520 221 43
631 252 109
996 153 232
998 191 48
650 123 108
823 316 136
878 241 73
180 24 21
112 22 21
452 132 27
328 119 12
146 19 31
888 337 162
778 373 191
935 445 111
873 69 130
399 11 12
384 180 28
586 103 133
206 33 39
629 219 53
330 1 10
295 90 52
999 480 161
905 435 125
348 92 82
942 194 34
110 28 14
319 114 70
210 62 44
157 73 26
541 35 115
828 333 141
278 69 12
715 120 10
481 158 29
482 1 108
302 128 26
364 20 4
319 145 39
382 117 19
531 95 81
231 68 10
172 64 37
179 47 13
399 157 41
900 57 35
167 68 40
723 216 111
479 12 43
753 260 135
208 32 47
906 223 58
652 28 46
912 372 131
768 47 29
138 31 6
846 370 100
827 398 106
774 107 98
250 77 11
117 55 5
803 25 2
128 60 14
357 7 47
512 16 120
796 105 179
750 349 159
662 85 28
635 88 135
829 384 78
222 7 40
268 32 33
686 200 60
969 27 128
457 86 78
509 50 106
537 124 125
913 118 84
607 194 50
980 118 167
870 278 76
172 28 14
851 304 32
353 9 61
996 120 204
861 75 81
639 96 23
993 220 106
619 53 147
845 340 39
889 320 198
202 24 36
398 112 25
288 83 30
117 33 19
216 51 12
232 108 47
836 222 155
453 157 67
664 158 39
314 131 57
483 85 26
528 182 118
660 305 39
308 54 25
660 175 74
273 47 3
295 110 34
587 143 111
854 352 167
256 112 60
669 269 161
894 376 45
847 161 32
860 178 42
674 97 27
815 289 179
174 76 11
207 48 12
235 98 48
649 279 9
778 160 104
227 29 31
525 87 10
811 169 154
694 248 56
325 56 12
688 278 62
636 286 149
418 61 41
959 157 84
613 217 29
589 106 91
987 160 84
837 248 84
580 275 56
530 64 86
731 346 21
879 40 95
204 63 41
759 340 186
796 22 17
933 139 155
985 121 188
402 129 86
624 219 28
640 271 120
832 356 120
119 9 24
473 212 117
488 152 82
206 6 36
682 56 31
396 192 46
385 108 41
786 350 81
496 59 112
791 79 119
974 289 30
692 344 34
164 17 32
180 56 39
698 313 121
345 111 16
117 14 21
104 43 12
230 71 13
711 241 96
112 4 4
582 165 74
186 22 28
932 234 203
363 44 26
761 76 5
355 130 31
884 277 216
881 415 176
352 48 54
494 10 39
588 129 141
232 91 26
858 375 96
304 109 61
347 8 20
389 29 93
414 62 39
773 102 124
361 116 46
360 94 62
338 114 17
545 271 97
796 224 42
841 142 10
595 83 33
381 17 35
962 63 59
984 53 57
539 237 91
788 190 185
886 310 184
721 115 70
737 354 63
998 235 76
864 306 208
918 325 86
351 36 17
276 98 38
459 67 105
266 3 57
634 122 53
935 88 146
772 209 80
813 300 93
251 116 29
906 363 84
597 164 46
379 4 34
701 43 142
329 33 67
928 139 54
635 241 72
228 63 5
353 89 30
957 138 163
342 20 76
119 32 5
263 79 22
790 35 19
418 46 14
237 66 53
972 49 95
491 1 35
934 100 188
818 175 32
524 159 13
211 1 45
485 157 86
114 9 18
336 37 6
214 46 23
799 82 66
692 61 72
681 255 29
261 53 38
434 19 2
407 131 38
905 87 61
851 148 155
174 72 23
154 39 29
858 217 100
833 64 139
410 73 81
561 212 135
800 85 161
544 171 24
664 229 154
933 315 141
578 129 45
613 290 101
769 321 59
135 44 28
176 72 3
526 25 106
878 437 184
291 112 20
501 231 67
902 126 41
917 12 45
314 111 54
323 16 61
624 238 138
530 194 106
479 225 29
767 20 116
477 204 5
888 356 135
654 109 123
859 201 165
897 444 129
547 72 87
255 34 21
869 123 9
851 97 130
693 237 108
731 363 168
754 62 46
367 160 66
332 134 17
447 123 12
752 235 66
735 166 148
427 150 69
703 347 153
468 193 74
268 63 23
829 196 168
454 40 36
582 61 110
833 3 27
940 200 27
315 104 67
701 36 59
764 82 92
775 327 179
447 182 5
432 23 107
724 286 12
212 45 15
421 85 82
262 103 37
441 182 77
600 74 52
536 253 81
872 111 211
430 197 99
988 279 16
659 245 22
661 106 154
345 103 48
893 425 217
688 178 117
812 195 200
762 285 109
255 84 59
954 227 215
972 118 39
391 90 11
596 287 47
945 17 231
604 171 69
228 42 12
209 64 12
123 58 29
