500
22 6 4
768 197 240
407 105 30
660 310 493
919 278 211
764 269 389
989 453 429
336 158 57
800 368 50
855 203 734
823 14 127
698 291 532
514 175 130
248 105 122
522 180 349
12 3 4
191 81 23
394 75 183
376 74 87
56 26 24
162 29 51
328 1 78
235 106 134
598 289 507
345 120 157
621 190 319
196 43 111
52 7 17
818 207 532
540 93 353
584 68 241
322 56 124
41 13 19
716 180 409
523 251 163
236 112 227
906 287 865
179 9 135
241 112 210
600 100 216
459 126 356
295 58 63
120 45 8
532 115 427
328 112 151
758 199 332
460 171 444
675 241 342
997 222 964
156 62 4
278 98 234
324 95 124
676 83 66
600 206 471
481 187 160
346 56 130
364 15 28
297 79 257
231 22 167
404 177 364
606 208 297
243 62 32
963 329 169
302 132 253
860 228 433
94 8 22
353 35 289
263 126 143
445 53 333
40 2 26
979 323 87
415 48 126
102 24 91
427 88 95
821 405 273
914 94 312
651 118 623
955 391 562
732 71 106
598 287 265
307 34 161
948 52 840
699 331 573
291 103 127
427 160 273
780 86 612
755 271 458
403 182 254
132 10 15
57 27 53
745 308 35
887 312 619
673 313 134
650 251 136
892 381 142
989 162 253
526 130 154
821 122 177
795 275 343
695 181 636
583 115 330
753 143 377
402 122 109
846 257 21
23 1 15
655 121 121
104 40 102
555 10 175
43 2 26
625 69 332
87 18 67
996 84 887
686 168 579
157 4 24
986 303 70
48 2 10
465 205 51
391 138 11
929 352 860
174 61 92
72 13 40
384 151 46
943 79 232
868 219 710
604 153 155
19 1 2
372 115 81
566 90 245
81 30 4
996 272 648
602 19 478
348 20 182
810 138 88
759 145 478
556 81 269
901 212 65
366 112 290
400 58 310
680 151 556
463 11 105
883 281 115
112 16 44
453 77 33
350 14 313
762 356 494
125 22 6
981 279 955
752 18 433
806 396 576
687 226 20
520 210 133
372 168 326
552 220 390
375 104 359
218 37 20
706 216 644
185 88 92
625 103 471
973 91 474
947 167 143
727 87 419
722 225 358
626 133 240
690 11 471
150 71 29
339 99 231
181 33 20
396 102 157
405 84 138
296 41 228
24 2 10
83 24 17
26 6 4
467 171 150
935 167 594
400 80 113
323 61 17
551 166 194
831 135 301
873 1 81
143 49 84
877 330 351
324 66 56
164 10 21
796 3 483
131 59 62
397 176 367
37 14 2
88 37 62
297 37 150
598 246 296
463 207 323
892 84 657
492 174 67
357 69 40
775 69 539
285 116 153
296 18 246
720 60 94
215 101 59
165 67 108
789 210 181
396 118 323
876 90 18
312 55 10
269 96 61
112 12 75
412 203 267
666 243 282
16 3 5
731 164 615
169 32 167
307 20 254
736 173 193
245 99 66
889 289 257
296 127 143
412 177 81
958 106 827
403 124 332
374 64 291
94 22 63
66 9 30
970 89 186
611 57 222
94 17 8
630 223 108
495 144 243
573 131 259
289 62 90
127 36 117
738 292 16
104 32 26
809 306 45
519 149 245
164 77 35
738 315 489
826 308 618
556 246 223
795 281 619
611 4 180
765 81 159
417 207 214
772 156 187
821 230 437
989 287 298
224 43 25
687 228 614
16 6 9
464 119 187
977 368 120
310 134 155
327 5 219
753 50 244
87 15 67
146 65 28
836 110 347
777 101 395
439 83 194
974 125 112
974 417 941
972 423 602
410 142 223
342 79 281
720 219 381
465 177 310
304 29 132
346 154 158
626 276 429
264 120 212
148 69 130
773 203 693
17 5 3
839 415 544
711 280 116
802 231 311
259 109 241
169 64 130
392 181 253
748 75 744
634 78 323
418 3 110
757 178 666
195 32 130
629 184 292
953 475 582
513 212 273
688 213 205
196 51 99
79 16 57
421 14 331
114 35 68
212 34 209
359 95 37
827 67 563
164 3 42
195 27 17
620 23 572
687 292 278
577 22 262
585 26 500
779 186 136
349 56 269
15 5 7
599 220 208
844 298 712
867 230 598
727 96 502
364 121 332
633 202 461
464 54 73
920 193 259
373 100 343
212 86 173
214 25 197
867 389 379
934 126 677
220 57 168
446 6 427
572 97 513
713 84 590
567 213 73
356 164 314
887 418 584
445 176 71
83 15 73
159 22 99
157 19 58
941 317 341
952 107 380
326 119 68
87 40 78
905 356 627
613 81 170
910 113 887
44 7 32
29 10 18
930 317 648
859 71 111
306 121 299
26 3 20
9 2 5
154 57 105
511 213 415
186 46 5
65 21 49
362 115 202
349 84 71
499 77 192
718 93 317
550 130 113
174 40 79
627 222 346
822 122 150
222 25 48
122 50 69
977 243 99
254 125 95
692 38 397
938 299 39
194 50 155
342 11 200
940 418 139
537 122 340
819 399 686
180 14 14
756 178 456
547 70 224
818 81 458
796 168 723
40 11 39
473 106 48
768 192 481
521 251 57
471 195 237
655 118 618
412 93 407
956 337 380
296 143 110
954 190 843
622 193 510
548 105 76
861 370 722
340 86 34
630 66 300
595 124 121
102 40 40
893 98 651
727 109 148
669 105 524
12 1 5
283 22 269
303 44 92
968 272 555
798 388 746
980 139 147
541 205 109
723 132 57
221 3 212
26 6 13
285 116 2
779 300 327
785 169 27
542 115 273
453 41 69
270 10 140
617 40 230
869 295 50
27 6 24
462 92 171
99 32 82
919 392 314
660 315 627
363 37 234
54 7 32
143 28 2
58 18 11
146 48 64
850 103 681
818 124 60
344 3 199
230 102 33
887 152 573
579 72 478
260 74 15
873 6 284
794 19 305
485 213 475
189 76 129
953 156 404
36 8 7
472 179 309
619 266 71
848 332 323
784 47 576
365 59 130
402 51 66
393 137 116
395 127 289
165 1 21
655 121 370
19 3 10
646 226 564
494 7 268
646 281 221
502 50 403
694 276 419
27 10 8
451 162 414
946 365 210
983 133 44
851 22 838
861 309 17
790 110 6
366 122 14
295 93 206
387 61 113
545 250 490
927 82 896
390 16 184
818 11 796
57 4 29
955 205 787
339 158 221
90 41 56
181 69 142
859 309 510
343 162 108
72 24 18
366 12 359
599 140 321
97 27 9
426 50 224
684 132 192
840 11 602
137 41 6
78 36 75
201 75 25
718 214 633
628 51 305
954 437 565
433 132 379
52 23 30
484 209 25
880 348 545
545 221 296
469 216 435
449 100 188
7 1 4
826 193 433
774 25 370
929 176 706
858 293 307
180 33 99
362 88 337
295 28 140
950 110 793
751 43 56
45 9 23
560 167 43
