10000
165003
244002
103059
115719
102159
022825
072404
143259
003442
164947
232323
200505
005140
093248
003301
143158
152437
082020
082116
164433
191845
192908
172227
231015
064805
202719
213535
221325
243846
022932
213728
155818
190313
135731
055816
232131
151027
092325
085148
131723
101942
221554
014326
095904
094538
082822
205131
135124
175554
173733
001435
030037
225123
022326
214131
234516
123830
083020
195759
174852
143545
044648
191647
050135
014108
223504
202157
123838
191209
052923
203805
160532
090404
211135
092317
051602
231854
122710
211841
180359
060607
192507
150616
151204
005100
010807
125346
005340
013335
165927
072348
045038
233041
013809
062550
122557
112651
155143
192228
062722
023835
182132
030643
053400
242552
184054
132845
045513
162653
044502
130558
183135
175421
214439
132543
085848
174257
163316
110757
214228
210946
140702
062751
031352
224051
015519
053637
140209
091132
161020
004755
084316
064048
245111
044539
135726
120909
234623
010826
162043
171314
214151
203443
195629
095838
043443
235845
190947
143722
104114
104615
144248
162553
145708
040735
244249
104700
171629
091446
011851
144825
124834
000512
075932
042916
050623
133634
111737
164048
044529
221517
190951
155810
001905
013334
073850
191956
101315
054136
031256
041653
171511
070917
144702
222303
062137
160940
011854
204909
192156
042407
182100
034138
092827
131543
112026
140019
030621
042036
100816
225708
205732
093527
175011
173928
073417
005820
204459
092731
220845
024224
060456
055542
221945
085652
030150
063928
204435
104650
050134
105849
071959
215754
175941
003720
122322
213004
221857
054418
054615
205341
225753
244941
194223
200414
233121
164805
003906
123732
123157
131502
080138
053015
093553
151730
001759
232842
060853
133926
074720
155659
211150
155306
173135
044219
141756
055340
071531
243805
051906
234226
143247
244303
213546
205450
155018
034340
062104
240000
050824
183418
085117
170455
143831
032200
232413
243925
045911
023204
135023
071750
004614
040315
022757
214643
210019
243031
021216
115521
145644
160826
194415
122234
082732
110106
083423
220845
021934
122837
150428
121525
150038
202048
212608
041829
053448
085814
185452
201843
210019
141300
152901
012026
130144
071016
142023
032203
175826
153703
054838
005801
053306
130047
194419
173419
000109
101817
221150
221028
130600
033049
001810
060827
221538
223510
103713
060810
163343
193341
021122
180206
171214
013157
031440
091405
083325
123526
085128
112423
045846
063818
150236
031315
081251
244010
203250
073327
084815
055506
001251
053342
072306
244948
155120
245749
104821
062209
102403
135737
000725
004038
042647
161013
221505
235237
181727
221309
212158
151312
014747
174307
213340
003750
221607
064857
140042
131521
001652
003702
062225
234659
053836
241506
245744
061537
121033
145102
230211
064001
171126
150826
165250
053911
100737
160730
110505
122055
034449
202053
075353
023151
000719
011349
011917
062410
194617
063311
034134
153258
115101
214852
034058
071342
225905
092355
205127
240724
160724
174357
042736
144930
155304
165332
192921
135107
025152
181408
104820
165414
130111
022644
203704
074342
002730
063902
050314
014617
112924
003543
184355
162657
174653
055121
140823
134907
071919
243920
225834
010225
130113
173643
161549
235243
190306
085228
143948
050813
064921
195026
061026
210414
084802
084640
000451
054551
182305
134049
110334
042206
011818
145446
025525
175828
054613
083914
002352
121612
131140
155423
083254
152917
202924
122450
093939
244613
213356
182019
041109
180925
023819
031344
123006
014954
132814
124832
182344
020744
035030
194728
172725
135142
124441
120548
040925
082523
210035
244037
011704
162800
214553
073350
100153
230122
213819
051653
091356
133838
211446
073353
224900
184359
184701
200438
160413
084630
133227
132718
050454
073029
064000
025514
003939
233756
082912
162911
170453
082153
111256
234515
075718
102333
131330
110124
102116
052928
165129
050038
195327
054850
032744
151456
141715
214236
212058
015649
110625
003724
125113
171146
242045
194627
011307
224020
124436
221731
020231
092507
155234
213810
122102
203036
145414
154041
030510
130430
001243
113901
045322
235449
233403
032815
043117
223334
202029
072202
165450
144605
045918
013224
030219
180420
095142
111414
121929
190506
102017
103129
210020
025826
075346
142248
245848
031457
075010
095514
163234
004956
043144
101953
000544
104110
072234
113103
193740
091824
093518
063221
201725
164652
102757
190030
110433
072607
032722
115828
212117
104602
231148
125949
245052
035649
065259
060719
022512
172305
224616
141943
051842
190231
173224
173420
125638
123024
180005
190935
035504
000445
181104
101637
052118
181715
163714
151153
094646
233311
163016
083911
161524
003142
120330
082508
114558
245530
221144
202245
200910
172337
015020
202412
052423
042503
142913
182222
015738
151515
191804
243634
095606
242137
081647
082541
163851
122559
032337
030100
232251
064537
185934
214246
014430
042646
244043
054813
005130
213222
221558
051421
083516
021128
002004
062251
243600
101146
144524
163431
170725
071011
135726
103113
241906
211750
090911
120959
244234
034234
184153
181513
034431
173109
161930
223907
133445
072952
233721
184205
204528
032600
170951
143315
203529
212710
150059
213748
214515
115711
091739
085922
172431
054839
230653
074532
160632
045041
005006
222327
044444
221745
044043
215751
092608
012117
192822
051819
201309
070546
111037
140833
040739
013141
221944
171309
174656
220014
122503
002616
055209
141259
091852
153215
213016
220701
173057
225021
120900
085832
132743
043534
124651
125645
141457
045612
203047
074028
025731
232305
103218
133629
021044
103845
000053
224349
121224
035138
005420
162256
180841
061556
034256
111343
204418
180421
092143
215350
003310
135043
005715
002630
152312
185353
071051
025623
213439
123729
133400
133017
144846
011754
074859
054656
225315
114526
221152
141224
115637
094454
151619
201430
175533
014311
160034
012245
222803
184334
140857
191426
002929
010617
111158
041018
194126
032409
131800
181735
083822
015259
004114
113641
163009
022949
045725
081005
071252
233931
005325
163914
154645
124223
125931
102920
023018
211329
121250
163711
114831
073750
220216
032555
192046
064804
190639
220025
162324
213703
230908
190834
230917
233250
041615
145210
244515
113405
020039
170927
232923
152749
220837
112425
163616
121453
240547
023125
044657
074712
083537
155702
225751
141404
152208
034121
230731
193215
020144
090140
242748
233227
002034
244410
210027
240237
234222
003706
192927
102516
240145
101710
042708
105700
210843
174405
144710
122603
105748
161134
210914
080935
155218
044454
003209
004447
235207
060939
013213
162117
190514
172919
103655
114248
150737
185556
234657
213604
221425
121023
203702
151025
211251
231514
171006
064049
092116
161846
173726
225206
222810
125951
195736
003021
210834
214933
023647
161752
160130
073250
202525
192113
235222
113424
232635
020024
034137
062548
073312
153649
103510
233347
153015
094914
040719
183124
122411
070130
145222
195943
055848
182114
091900
163252
120137
000321
132929
214629
002459
094317
213010
242027
081041
124726
112037
205657
200402
174729
150556
095913
040901
085927
245212
211040
053207
034222
170036
233144
015800
092814
021240
034748
014801
110526
024104
134443
012416
191455
213814
001646
055022
125024
162916
000918
085628
093420
113233
034911
124215
195926
145549
061551
151206
094314
114525
225739
225340
134123
005929
122702
231514
120723
023719
145639
083931
061753
242548
080221
020737
145832
002321
024023
031352
163705
144516
055317
123319
062755
065551
075714
222801
063819
054104
002141
183615
132621
204914
142624
062632
133109
042006
150300
045917
144218
151842
123826
161912
101516
215525
224220
012635
140945
175357
054949
161531
235138
111850
015727
091658
025814
001727
221355
195123
080450
014050
051253
065051
034132
241603
244626
230550
175410
150444
145139
131056
192104
051304
181717
201257
201558
033958
091236
101552
204652
001804
222153
243631
220233
055456
130748
214304
184000
100501
163152
130113
103340
081606
121416
100209
055303
090209
152657
142506
065522
070155
085233
105629
002029
065153
190319
024922
173425
103912
155940
112837
003712
182618
033235
203004
055000
032140
160050
222457
041548
162748
243856
023617
234718
070241
032247
221154
082323
234945
194144
002752
183925
041800
163619
111300
001830
130132
151907
053823
030841
165420
074425
014424
030034
121417
054148
161020
241432
165454
040836
130251
182428
131023
002755
114740
014757
163632
112020
112028
194147
081142
032326
070847
141602
074326
003335
024501
134917
081009
135624
011147
021629
120004
041631
133057
111750
215821
224326
223055
071655
232428
071324
192408
241445
024928
123001
054712
035117
135944
124613
192353
172802
091225
080434
203739
185636
010117
133931
022348
225431
065227
044319
033528
240625
070331
091610
142401
111730
091652
135038
112508
243224
135939
243705
022335
023229
104351
194853
231850
021408
022307
102002
142244
121216
084207
140659
211451
221311
061947
031208
220649
170306
065206
023016
232830
214611
040806
072936
172214
133822
242332
123047
234453
130124
232426
241730
064238
173359
192527
173037
052645
030115
050006
093110
225740
031940
140850
243339
200353
200755
180920
230221
231356
022955
035040
061002
155404
173253
183217
215755
053910
045440
195316
004836
144338
023623
150155
190053
053236
115456
180305
191115
151534
065041
204156
191832
214805
230608
124815
173231
240929
150639
023449
014536
183211
154942
092417
073359
123407
122010
202311
052532
115823
113113
131949
053253
034526
211006
223033
175732
104031
164241
132051
075108
144108
100712
151837
142815
083707
002258
125351
131615
002759
100727
145623
231717
240945
210911
131546
102738
084820
015124
153100
042827
171648
063943
202929
190243
204520
233342
070613
180814
175905
022632
041322
184001
094550
233901
120504
035858
205846
210320
074440
033034
134219
211211
195008
015718
085617
015535
023308
153503
070505
215718
243606
002615
195336
071756
205724
195431
055905
081743
053710
103954
212357
010504
084214
033845
095729
060615
092719
071423
141745
041157
004330
032511
073019
221231
180429
093239
034958
003744
143410
005135
092902
184739
214728
005447
051907
185949
090247
020110
192104
231416
133717
245445
162201
022820
024706
063917
115300
003401
175924
180830
213603
093055
232640
041956
245640
062336
123633
075104
140848
041754
024209
125541
191232
075800
090803
190736
120336
060123
134923
234314
073014
140135
091749
063956
143728
215340
165353
054932
222632
062609
085802
205431
243823
080150
220345
071222
225949
163053
113021
043500
123719
130145
210200
021815
165643
221819
214251
092755
051130
013156
122906
061417
191610
054017
204835
032502
020433
170140
244405
005520
182614
123621
225316
024233
024307
074126
030017
134420
004730
150324
231011
180737
234414
241616
062934
060023
202909
003917
175206
170238
044433
141527
060300
174125
162722
201036
201200
002949
154208
233719
030424
201827
004927
110050
022224
125544
012520
015705
032310
021104
132845
003815
003521
121144
104920
153021
134421
121105
191001
131615
144226
194928
063025
165734
121849
034851
095416
203224
181758
091440
022206
151310
183714
000542
205928
044848
180222
234647
173145
220205
105026
035239
241116
204230
224127
030323
222239
184314
234959
071444
110440
120913
172916
065113
030627
004654
041440
190522
190037
100349
134540
004926
021005
010549
002208
225011
060101
122847
212632
235703
175409
000929
072144
040341
141045
034557
065040
242649
154814
133405
162419
113247
051747
224306
062407
085521
135607
122232
071601
072921
050729
071603
063244
224639
045846
034718
025709
114639
093206
074209
073717
001852
210303
101102
214218
023453
130627
141450
051028
100949
105921
011428
102549
125129
181334
132846
104124
212458
081437
241418
033119
205314
182014
050420
203057
140013
155601
043134
103521
204107
120727
021446
021330
072755
154906
190323
234955
111008
170026
005124
112401
090857
170859
164938
211446
045518
182311
011412
013635
061159
174424
193356
040431
120359
140925
033034
014019
164845
105243
061344
201719
152904
094611
131620
193655
102406
234710
210108
195149
042050
002156
170540
103448
051747
003443
201612
092404
071032
171253
225012
045938
114644
092332
221133
091310
004213
082655
064445
030658
165243
035737
171928
214721
014733
032322
230219
210933
072104
145538
030515
144744
063145
044455
113043
002429
020550
045535
214057
012830
132930
075813
020828
040611
054646
174555
105541
075726
163055
072826
043316
055141
142718
064206
060801
095939
244123
070330
042444
160007
050637
112520
190027
214646
045707
171619
023157
125036
175808
025504
040024
184925
100053
105004
061848
222502
115329
050011
215505
124534
092923
022359
152355
204226
195031
243055
074024
142610
163101
004842
174302
134536
202215
191804
180521
044740
024940
215529
234838
132954
161157
071431
145333
234843
202853
150649
155255
195616
082547
163122
143606
083300
122238
231439
135934
115723
125039
163602
161155
223559
110953
074904
181134
060940
190649
021137
145721
232207
010435
095706
214129
013850
190647
123850
034918
140055
234735
082837
143022
110217
083611
200140
123312
125113
002926
040423
144512
234018
023338
063654
063246
023913
033933
214527
205929
143738
231524
113047
200319
025359
012554
181211
155250
140014
242709
181823
193742
043306
072140
044058
205150
125908
003409
163613
111657
045720
233804
100021
132720
241437
100147
033133
035217
084753
040628
053822
154738
005120
164641
003345
175011
134717
025429
140319
181330
103245
065413
004504
125639
235435
213058
173319
094049
233632
064850
081803
041941
052124
211334
111425
134902
162343
230653
193532
032359
185601
050640
244145
163344
064329
082052
094530
113508
122519
091756
032952
232145
075501
024105
084855
073000
051307
000718
121058
001528
161638
030631
052701
240102
090121
155959
074449
173129
043728
132301
054442
130132
050902
084606
243446
153439
141605
015149
163346
215222
031625
182641
100512
062143
012142
002242
074400
162834
170254
033122
052629
163027
082031
151742
210312
084407
221035
184634
232605
204920
152939
200940
030750
042152
241836
023610
224511
223912
074807
224427
070916
051908
005908
142708
024623
092723
204501
151134
224646
023229
050157
235552
182602
240427
041535
122815
064113
070702
183751
062342
233332
184045
230012
033539
064818
220925
210024
110635
082631
102159
223013
203126
114313
235657
044941
194447
133219
203836
241334
012408
061525
244600
142110
124546
122220
064127
225825
032446
163708
163713
180045
072702
100506
055217
052800
164939
163139
243531
211615
120745
192336
075004
224039
185331
162138
083501
110316
053230
193336
231138
183421
100413
140756
044109
061712
111021
102613
012409
223143
164321
115320
153658
183233
154816
142809
061630
034127
240406
214708
213109
205605
140049
165846
233655
230548
073003
011723
235917
140121
205121
171447
130843
042155
155228
245210
231937
193331
142411
024229
041554
072210
182436
192149
221003
243434
175129
075252
090628
223404
232443
094011
063058
045529
154349
052402
224747
102551
212509
104511
104253
173501
144345
061537
113021
103503
235623
153834
132256
080135
065834
120412
005730
001701
210236
245127
032236
114835
130548
111721
183653
145131
031951
164115
201742
192006
045526
185021
165246
160114
105825
102248
125306
044637
060758
182151
091431
211419
115220
085907
012001
221614
212459
085532
090723
093228
211058
082648
050909
101300
083442
104824
211033
211344
123708
170928
204540
060817
001049
232831
180851
245504
082126
071408
004553
213502
173053
114553
193150
070011
151445
102155
190313
141410
010732
124301
104329
000443
190458
014311
233853
145720
155149
225527
210336
035834
213531
223438
010015
161433
020204
174600
170548
182306
155419
015446
163852
000910
030339
123728
151921
154108
221222
143652
130832
042610
003249
070935
233855
053800
103201
090659
220326
082327
041148
002518
234730
232733
120034
081637
161248
234037
154813
044443
135922
005505
164732
051329
042930
141952
072608
000148
102520
171139
083240
154513
030330
084030
133512
023105
040708
125437
181211
212823
082946
104035
165714
244311
053327
032837
005941
164139
213302
212913
102329
240424
193721
202837
205716
030501
051645
193712
133013
024852
084054
245530
143844
081527
003636
054141
132035
171343
054628
081316
075405
024733
020708
112118
063413
233521
153932
224222
090139
000920
035548
190935
040335
010729
010929
112532
232230
174556
155954
120612
014911
181105
025446
092542
191219
110135
180708
175429
010500
150143
070716
215318
012439
005224
195955
175553
043122
204820
032412
221151
052753
115327
241144
032811
131043
093959
173633
213808
232806
183529
010522
000557
004931
093646
151341
201154
053551
161059
200728
204810
245019
212421
152241
172027
102914
144242
220748
195226
042514
043925
012620
090048
102038
241954
223443
080959
103037
034108
094516
075707
244340
065400
101409
080722
030452
183638
043748
075727
090359
103617
044926
190943
100551
133630
233747
024124
195718
042756
182247
121844
080858
002426
140243
030839
132647
181219
033956
154930
042730
193747
145544
085133
121527
040709
211440
100322
241337
030612
081151
211106
030943
002856
083535
195722
142903
222048
172601
101453
084315
032050
143443
063425
145300
061653
191125
011219
004050
084840
224948
093542
020402
044804
170335
190403
043422
112300
220344
050529
075222
080834
225642
005147
100403
143037
021418
165956
083117
205331
174357
200601
223836
195102
225744
122841
025057
002254
191500
184238
171601
043558
232813
224736
183117
243752
102225
140302
213242
052801
172036
220818
050325
101630
173453
160347
080145
111433
212443
123313
131728
024206
065359
121217
021208
050047
035340
113249
015546
122437
180812
081246
160346
024922
112240
114655
153453
151249
073625
162246
222401
125409
041501
193303
070730
030359
141224
062859
105839
053527
051519
212644
102653
113159
060118
170535
155035
104132
170455
185613
201530
063430
222250
043621
144717
211054
234005
060224
234733
163505
131517
173026
133213
021356
074122
090118
114720
130528
113045
121731
173011
002301
215640
193144
094657
075040
195023
171752
070905
011257
150419
245915
034616
063809
185519
102416
082749
154425
111004
050832
175929
215111
053359
113349
054734
033246
110606
061400
061045
121120
022453
073727
003039
114407
170704
041116
041402
145423
074249
214937
033347
130745
222508
130449
172145
131016
213145
033027
040320
142952
082926
192443
072020
062056
164637
085943
034253
231137
003853
224713
073921
123926
080005
190701
224152
032213
203335
050934
221751
014826
081144
194532
085419
093440
104315
235104
221219
242958
110408
091236
004759
234744
064002
010253
182852
174418
060015
190053
141909
091057
060913
162230
082024
094504
192732
230710
080255
180143
012039
220010
054422
163042
062739
035040
075731
215640
174833
125808
224902
133500
050025
194841
011145
113006
072237
171257
013651
122651
073752
171537
022518
020909
103636
033655
063717
223439
095520
233907
083825
202126
243735
232800
175159
065113
192713
121553
113010
081446
155626
003238
102023
054720
022705
224135
232333
163449
233446
214008
012511
052639
170250
121316
123950
042110
201819
055232
151835
053517
113149
205501
160315
154812
052614
105638
165651
021300
111430
060223
012653
213335
183900
213449
092619
194509
205943
054302
021956
032824
010558
100627
223756
095939
082049
143707
244159
015950
055812
122535
234042
093916
082823
035647
175848
095404
042155
061214
100237
085123
165123
105604
064217
094944
222641
213451
023344
120042
212353
000538
054622
195341
074652
062553
161116
223328
172500
203212
243729
224430
150655
165443
142233
072912
112349
171649
204547
155510
235556
062408
033130
212510
092651
073250
134729
084456
212008
165301
132844
024713
081406
114318
161045
024514
110015
120725
042602
112757
205020
153312
120215
142111
165514
055437
120606
090115
052730
120517
212427
035035
144904
061907
154806
043124
005744
042859
232657
244952
050813
103518
150629
170711
080259
200020
190614
220309
054833
132915
090131
243552
073441
131109
234138
005356
100646
032935
020314
164236
050357
210333
171218
044914
000523
073313
200920
030549
042431
154300
005900
092949
092249
222258
160443
084825
084751
223001
044849
102912
233919
054315
001048
134249
033505
115835
005718
005106
191102
060910
030612
115733
202821
214351
063609
050129
182857
024956
064215
060605
064753
245020
033624
030629
030117
022534
003610
093030
095851
044538
145140
092615
164420
164304
044133
132018
021806
024100
080843
063819
102308
010845
072108
030328
135131
054605
180139
000832
081106
205413
112735
045953
131452
135041
003147
180517
031532
181009
090325
081700
064217
230440
040812
132330
182159
002658
111032
043538
111223
024006
025847
122644
081028
202828
115204
100854
194538
140918
124610
224112
003400
202421
115936
042428
013519
114814
030621
130953
024947
142155
175150
033823
065547
092257
080625
182755
001438
193250
061218
082919
052017
213538
045524
174015
035928
001533
170703
222140
153038
052955
230239
051739
033912
085822
145454
052346
012125
180507
154944
244201
185635
192936
054937
175933
194046
095820
032138
142137
032605
120853
234814
024216
062558
225207
225224
141618
203716
134922
193915
214642
153144
220534
180917
085331
081524
104123
143924
120935
232153
135257
184342
063802
092141
042725
073340
095956
052932
145905
154206
170151
205808
074855
211836
143955
063838
101510
101450
180314
223926
190216
222556
212745
105529
173929
105042
080302
082019
214249
144411
040345
160420
041129
182703
213801
054014
014546
224053
152932
123504
031957
022422
032056
074211
044755
002949
012452
034052
171646
233204
032148
100757
021220
194836
154953
121215
180828
153208
103210
234703
190958
230222
045858
114414
140236
201533
074153
173852
131643
040745
105233
224436
104405
093417
142154
144204
004409
081440
165751
081226
095321
203749
111107
105737
051333
170821
231651
111458
042012
105950
210501
070118
203937
191104
225140
191639
025238
044526
240451
035304
063316
135920
214004
204953
225635
054716
234046
140427
160157
014509
021726
163813
073915
144914
130955
163406
235308
201950
170327
040848
045336
232638
104328
014834
204443
104408
193329
213734
011720
062433
113242
240334
080340
190238
102602
144158
162203
213033
023549
031934
063454
150403
153539
194142
145257
101138
201141
163626
071213
022533
065039
240302
100730
004742
061716
244725
233647
132310
075202
202506
223829
155514
233327
123418
133144
013606
092059
132616
140821
100446
082850
165304
133119
155919
122506
121020
194700
240401
031908
101240
015114
090855
241826
174312
171725
143256
222359
231410
110628
021530
115121
021851
061149
081917
032112
023430
072626
180159
035745
081605
113332
124511
205346
183422
043609
240046
125603
042911
211449
192931
203614
241418
211103
233842
084803
030106
185340
123450
061731
232612
072243
164823
031517
085813
123133
133333
141632
095842
151340
090346
205446
114320
043501
144653
032326
141608
001053
244415
082126
065543
224721
244438
133120
142906
120543
020952
223521
113027
151015
065453
200442
173314
162329
212106
200259
133134
243630
194914
201918
030207
041326
005713
154821
131014
032613
240305
140716
005757
085124
115711
195035
161915
165710
130337
002918
120605
215914
185209
092417
012243
215601
042749
020606
003442
194236
192413
041335
112537
144145
231144
164400
190215
184718
211521
161428
104732
173747
163742
045605
033541
093409
154410
211234
002909
115300
240848
191348
000702
040008
061202
073932
090344
211911
231157
112834
043755
181018
050324
014158
005049
240707
185943
044746
142137
005911
064529
092342
020558
050319
221018
224029
083958
114737
202725
191721
100850
113202
181712
124138
171935
055325
000546
174238
223538
103826
243045
182355
080816
085727
151444
245559
153633
181821
215613
023726
135307
074020
122345
144707
184423
132450
085050
123558
142348
071137
223850
023504
011526
152032
132541
015618
092034
020200
135515
210239
033422
054640
191757
125229
080152
174850
122830
022140
073632
011716
013453
045713
080729
071813
232853
240619
070231
150058
244819
185543
061426
051120
131433
214719
185646
163150
031115
024618
011344
233959
194203
110606
115533
171812
190524
242238
161845
145425
043450
140843
094841
051408
220633
134623
203700
074140
235025
223629
192011
175221
212753
214150
220750
061950
020441
223357
031602
050056
145053
130649
180838
131446
190942
045339
053719
162934
032314
204005
242958
242607
044133
073352
171516
210718
123234
211519
175433
042116
170906
124206
033705
100334
033858
220115
172029
101538
110335
171217
103955
110547
243547
023518
175352
092305
061035
064349
230437
110344
013445
200256
122636
105159
063247
142959
171043
033621
180049
183303
205817
062153
001921
015218
121850
233711
214351
072314
012038
242428
190457
171320
071900
115728
001947
004231
214231
053738
111912
211030
050515
232708
091610
171243
095446
005740
125023
041358
143313
234934
125804
073141
063208
215748
162527
102557
144229
072923
143812
131112
122106
092615
170609
212852
233248
021333
042415
081543
145801
044004
244100
011706
003151
184958
080033
205418
164717
243825
182220
220529
222347
000409
105400
051056
082419
035458
080039
130934
133025
142114
144703
244753
150049
201704
215428
203650
133606
133356
214714
053305
200932
151321
234427
003946
102612
221855
230924
112041
120559
245123
042010
175624
171003
010720
073902
212315
201853
141815
200742
233226
003843
071816
031450
060825
072707
072746
194422
093110
043343
154032
171246
193757
132053
175938
245826
093025
125949
140750
043044
113647
131157
221247
084228
214355
203753
070119
015129
135137
042519
143556
214546
183036
220843
055254
153804
182445
035756
203546
030631
244523
222840
194857
235937
190520
150234
080940
045603
085826
240944
090058
205419
171143
091654
073833
060712
142336
114532
220705
213031
130246
083157
183006
022353
245653
154535
221944
205451
101339
031107
063303
081842
121624
002948
132538
075215
133140
082947
173251
140747
091055
082628
183005
240219
012431
185720
035636
014037
002510
005122
102523
074729
053215
182318
031723
181005
243830
133436
001137
024831
041612
075405
000754
052527
054233
020607
185354
203713
100945
080638
122003
041219
122942
160555
151141
171139
221146
143452
015220
030949
233759
015534
110458
174216
190600
162339
121516
023728
191701
185537
014000
201556
242651
241704
124450
243815
240214
022525
242936
163851
161741
240513
111533
081950
001641
150701
163622
171919
184315
135454
101305
143843
024434
073801
060828
180520
213348
100307
133820
055205
170407
011911
150445
133805
094729
102753
145823
101957
114154
140547
110654
003906
060859
225333
212554
060519
154512
120434
032059
173834
034525
185736
231639
085920
003724
234953
112143
090526
025409
081747
212227
070029
131325
222505
055731
073147
081925
051711
041243
160416
141119
190727
134055
181357
090209
140124
054541
082800
070605
200325
181136
243344
094216
135355
244138
114051
093535
180835
155638
043604
143457
101241
244259
060903
040654
000056
224113
161857
044231
005840
241100
211248
211028
185756
220306
124430
202325
092846
024341
214554
242830
215351
142948
045807
051838
023236
213559
170406
222401
063414
023142
034643
171502
225655
104302
024330
082457
203617
163742
002024
165153
135432
005453
223159
210209
105133
211532
085031
000807
063714
085209
061039
074306
130223
085911
202809
163515
193052
234152
074030
245253
173223
055827
192153
144110
210604
004153
243024
030856
095541
204148
103935
173939
063700
105534
133349
084632
111854
001005
145841
140747
084428
212920
190924
050232
172343
162833
104243
112713
104043
221835
204630
222556
030626
114843
160504
170538
021239
113159
230051
221417
081040
081059
103207
074229
040614
184940
090023
134753
190400
225225
173115
054653
221705
182542
143303
204043
062213
161323
165113
243452
211504
051856
035036
024053
110019
245636
033044
183420
245052
182145
151437
085050
094817
141241
144422
080304
191323
183929
113259
120435
005809
205931
165057
072722
011409
244804
041241
031010
040956
133922
185239
070916
070816
202004
094223
021500
202021
220447
032835
240022
101231
020735
052139
211828
183357
030239
232535
173438
161241
093518
202514
005032
022847
123413
033004
003621
104727
070209
185559
120644
104219
232628
102919
035733
213748
101108
023304
040026
195628
064330
131048
090808
193531
155449
142021
030959
131308
183213
234324
041944
031043
035346
060840
033600
092710
165838
054922
233411
072905
101253
205251
214216
104316
202927
131628
040431
075835
142841
020120
131205
114910
171701
232334
134908
131938
023127
015139
091612
001343
072206
053040
065158
243438
024445
131858
174513
240106
184137
175638
131109
094352
090101
220024
011638
184642
142308
190109
215724
185530
073643
062157
005632
052659
213748
191211
193542
124246
170624
115920
001919
000735
191514
244233
003652
063556
211117
193450
124325
212932
150912
130937
080204
025323
013856
080008
230927
244852
062040
195646
242102
142333
164806
193047
114306
111455
234547
114243
223738
035038
221523
232235
174816
001946
123855
131310
164208
022823
115533
141024
100320
013311
071950
052013
055521
204708
071746
010742
202438
000530
030449
215601
132055
073806
050854
161820
144334
143243
172425
062549
194242
022117
134515
042750
183859
032723
081620
224103
231845
065103
005237
201244
021122
162656
181917
051420
244437
115233
242638
085414
121903
142448
153719
094752
065439
035127
191226
104135
043440
105906
225940
060036
121421
170900
030121
193952
125644
053641
051245
164033
234300
114322
203801
191307
083826
125403
184402
185301
030441
075624
170237
225712
063137
133445
020242
211336
212932
052509
001223
212716
183558
161653
190152
094819
010247
173641
095138
013634
241447
182933
081006
041908
110918
152046
070820
175114
102430
025447
112231
173907
135856
200638
080424
190229
184821
133501
050313
181903
134539
175151
082129
195824
040006
191316
100037
181825
072046
175427
053342
245518
013954
230208
063334
213243
243925
114903
221622
055230
040944
185410
141111
161248
085804
174054
231606
235359
200220
140242
155623
184530
221349
070549
185435
235002
023513
135037
093728
040550
001244
202111
224319
025326
165141
142428
220439
032546
101259
133518
163457
225949
200719
230821
214915
044114
181508
211541
215529
110914
231107
051256
131233
052551
172131
201540
130330
105130
125930
065711
105048
122447
173227
092347
122746
153022
111359
052230
141515
142127
111455
131113
105855
101653
082203
011655
230749
170447
063408
175728
051845
132820
224259
102711
062643
081015
080219
021624
223123
032716
171107
152520
103433
192255
203702
180333
083744
004016
033304
230042
122725
142541
001815
083305
015705
082153
042339
242823
132908
190929
094412
093326
161217
123115
063011
153137
195647
245216
094644
064539
054923
041925
070850
102905
132840
025921
124614
094758
015445
100058
241056
210948
020130
181318
212908
173449
223732
020525
161641
042331
033943
112217
072159
173812
055158
241356
015450
110408
152110
082108
104251
205534
244109
072119
010519
174752
160912
093119
213801
143900
053549
175859
173623
044236
121525
051734
071245
041323
181119
054038
071210
111043
175407
082802
080243
113505
163523
114011
070716
064717
131710
041122
044352
031221
031818
123107
095104
135449
134928
002630
235204
144032
163546
081303
121021
001755
120829
232658
161403
111111
131206
232734
051424
115140
050253
203228
105705
052526
064919
161132
200901
112152
240708
032550
001813
105257
204824
093930
164542
072912
174547
143320
163827
243813
133039
091900
095015
114026
003540
233742
203742
114159
143459
090127
114612
120039
025825
070459
061101
091421
114054
033833
123842
183537
230929
063059
185417
240805
185431
225845
141935
163121
122702
114824
232848
214629
115246
115012
242004
143922
040227
120001
162217
234731
094751
172735
094727
001751
015810
203538
082727
223718
033232
135840
212747
010512
222332
105537
023112
101144
160624
013040
240315
053717
080930
191424
042912
225454
245325
222948
052131
191243
085327
011548
131101
081014
183130
063410
240250
120403
193550
215340
032122
162909
022735
114522
092238
231130
245640
181223
100403
154356
163825
233837
001441
012652
194239
210508
195704
175918
132348
125708
171338
004347
000128
113140
124249
141956
204349
153805
050701
051306
053800
123559
051822
182819
004825
025634
195940
195436
085423
103242
240143
140342
155937
223837
210534
030322
071302
132014
050358
025647
191257
204927
042455
193259
091503
083314
005054
231941
234955
151033
153758
073811
214715
191410
183811
090426
055637
075750
123148
150900
073353
192557
150544
093427
120622
241030
050604
035526
070241
162348
005155
054552
212035
073359
172805
202240
053149
082505
113115
095328
042029
214416
145536
172914
171512
013157
111943
122722
094526
174615
155131
144852
104033
041706
003518
213002
112013
023700
040410
100723
244501
040823
143921
040612
013654
080249
044357
062235
180710
205345
082241
134803
122257
211136
042532
002457
030554
010335
233054
101931
094040
182809
035324
071648
185522
031702
074513
142555
230536
105737
041859
230115
121004
022801
095447
044910
172226
204309
103955
215327
183723
230309
031409
103403
144450
211726
071131
160244
034712
075120
184544
195215
080733
000320
145039
044917
170734
163018
091117
232430
161858
175846
123725
125148
192502
233320
230437
045003
163728
100821
242908
055237
072850
200726
054427
035638
055056
200617
235920
104250
241853
231031
104711
163814
150335
064602
135453
245431
162625
161812
111658
090331
011206
104817
034706
063314
052105
090534
245758
104755
030606
163619
243409
152033
174852
055213
102530
131827
243510
195742
193846
041211
231009
032622
045507
135310
191501
020207
101242
075444
233757
181250
134506
163119
093701
182409
211739
141225
095243
050242
210856
132712
170713
185548
193215
180115
235811
193113
164105
101832
083510
150322
195101
142419
150049
242109
241816
122754
151835
231118
021528
183132
121236
213508
170824
064455
071142
123119
175720
105203
143108
024401
040543
212615
105724
140536
122005
055254
040651
161526
155827
161440
045251
022040
015300
240956
002328
171748
005800
094109
004510
010350
202256
013150
065554
102458
091650
095001
182400
055023
040707
072243
081519
073205
121929
170135
145608
111950
114310
003714
073957
185619
040920
012852
135534
123928
103112
000806
153309
202913
042716
022920
050235
212457
172014
053613
074029
105531
074957
121038
244039
221638
020717
220402
235729
171213
022710
245901
242219
054357
090345
244030
120845
092136
240142
042137
140107
021233
202140
040440
065057
090649
070538
214645
223758
002222
070914
163805
022916
002822
152651
090936
151842
100015
123006
035428
101715
170039
223618
134252
140249
055616
085309
103237
022152
023940
084314
211223
031551
001247
092649
213101
020325
242040
115649
063625
014557
065408
023135
182940
140304
223516
074648
094255
105925
073519
065503
110750
154313
093059
080020
204442
150949
010908
094154
105925
244934
120849
095346
232026
091358
054545
061016
120639
125552
132216
003929
205452
192512
214544
092906
114705
022729
245803
201318
131002
013812
015732
062106
030401
061102
062907
002859
014228
160917
245152
244306
194618
185709
141628
090328
241531
203622
015534
125237
063621
043224
140050
210057
210515
131001
152935
035003
215044
172516
210021
242403
023653
203041
124220
111511
182115
205903
243002
204937
132911
202836
234800
145137
151137
150810
082244
210624
045539
071654
052501
101005
084558
043327
105720
125933
050414
034831
025710
172610
120736
195548
112613
043235
064513
030935
103449
164908
013447
073537
114146
145434
085903
192127
030443
161049
070938
020420
105009
152819
173815
153649
204653
041042
063554
190257
203956
110844
030505
211223
213746
153630
203534
004517
071246
013002
232943
012436
150639
055944
242522
035731
192733
214521
013800
081021
145240
150451
165505
142011
122735
235914
102728
062221
060830
121721
043355
205033
231328
090900
183637
030416
051528
142910
120315
073555
090618
110304
094310
153118
223136
105633
050627
194645
045415
111335
223356
020851
024413
100755
074838
204344
062449
201240
112532
113931
085123
194655
194950
165924
015404
165325
030701
111220
210004
224607
164010
120139
120946
221255
201825
052937
133829
202928
092705
021248
045603
074957
193012
084846
235017
032538
082615
052859
052331
123357
223255
144930
131633
224345
075747
143734
230840
233925
234559
191423
010123
113333
142711
212521
095227
230308
212126
153054
023109
022539
032719
123556
042422
100637
172932
134023
160051
134011
035228
005055
160013
150435
184500
014040
235804
061814
184345
245825
225340
160504
222138
144718
005054
214801
165712
071805
112139
020826
223339
010817
022917
211401
082836
062117
104948
124857
191849
060833
054503
120615
012014
211748
081235
222244
162216
222302
234931
000359
115615
065330
020345
005613
022339
155251
183608
004712
161208
043005
223429
014003
220448
230225
165213
005954
205424
160707
015551
104929
094134
202933
025415
183903
065421
174328
121911
171924
081942
171842
140606
182250
130610
002300
185522
155946
104854
082512
094004
092521
205226
072319
022803
134317
071239
173255
035753
070700
053429
202815
000218
072433
015832
084610
124932
222131
243228
075536
223125
180208
193529
090205
104543
023103
130841
144435
215231
095604
232823
163551
121636
023746
024103
060042
004141
032445
131123
240447
205921
202450
180945
191904
111712
242049
051926
071147
002822
180541
164203
061538
155901
052313
145911
052803
012123
083726
153825
233330
202243
092953
003803
011356
175235
085149
205747
033339
221455
035202
005741
144319
195940
091033
242246
120055
154453
232300
103627
030437
190801
092824
011235
201905
122059
183946
182144
213459
133643
052418
204118
045723
054251
143849
131641
244108
081158
031317
122051
164022
245936
072946
190803
073639
035348
115617
231949
171449
114609
161137
183719
083835
194158
004436
221006
135954
000945
063838
052425
140339
144130
114723
214611
062053
241634
010316
104557
165048
105810
213251
244401
202717
060549
063931
050926
003640
174723
133300
010623
175355
132444
090729
245045
233319
014755
170258
071957
151249
194450
101319
130833
112425
202142
002147
031440
161324
062413
084035
223243
192534
202241
161152
120652
065225
002921
040256
045918
223538
125812
172636
141925
043959
230218
211254
194543
090524
121953
022132
195912
121944
231203
020819
074814
144401
025310
220145
033357
030249
060428
063328
202048
240531
075818
092827
221209
145237
200909
190011
152406
120404
192632
013230
193157
095110
211104
232411
170754
060348
151950
094004
084329
052638
235857
151630
204652
041029
095512
051329
045430
090710
224206
044802
125814
093547
231231
000919
135546
114402
044303
091012
170721
034154
240118
102703
121324
095558
244732
014304
015433
245753
032218
044349
001504
154930
134204
122335
073236
225046
082949
181733
093854
130528
083852
095647
232523
045645
175525
024629
043241
190159
120746
234244
232636
080642
121333
104027
192746
094259
040351
001814
154900
112300
205952
002730
141042
052926
073544
095952
010440
075608
033217
241222
073042
240134
010308
081948
233503
024717
122625
150411
113517
161032
201005
133302
093637
022705
031549
145901
065537
192501
232915
244347
215042
112617
022845
195931
123536
042142
203941
205115
024402
142642
231306
134403
164552
150808
164723
030819
195059
012625
141733
245231
004404
134625
061231
235424
244622
082432
102040
170743
191012
080519
125843
140924
175527
170241
060451
235212
201130
074219
202526
003412
191930
161937
160440
004015
070355
124450
242201
083815
073638
083143
165136
191953
033345
161011
194011
100008
192627
041919
033306
131022
100134
191715
172007
172244
095910
184529
154900
194331
124823
132623
012914
124436
222810
043958
172038
083317
095327
061027
030101
225036
001458
212017
101952
025332
124900
183516
075204
190407
075736
161424
140103
003941
225445
032614
241221
222638
040455
124316
192833
171354
034646
153229
034924
204447
071920
154757
080643
162501
231943
031907
002150
052645
113310
200244
065356
044643
235938
170841
060422
220950
234115
090238
200522
085413
041202
215442
014925
145319
244320
125038
232444
065127
192018
021727
053154
140721
030354
134556
243745
002609
215647
030057
133521
010906
053756
151712
183907
141513
052433
185550
050045
073745
120058
021557
003917
155321
040546
061424
193602
145055
200326
141835
113313
064253
230422
192458
100336
183157
044826
171914
215128
174853
234947
160254
231050
244011
014454
215234
003551
120634
075303
120608
233855
111315
082024
192656
165200
142924
074518
192702
015829
045038
170455
221612
200656
154703
024541
210050
074920
204737
182629
155230
124155
172458
103254
121940
062854
094757
021221
221023
210414
244913
045045
130116
215847
235211
122359
013519
234516
095450
204523
040751
191322
184016
204107
233648
064858
144845
024314
013829
013631
001703
123527
105357
115202
195603
121321
072951
180010
215521
155232
153101
160800
245143
162656
235401
121931
221241
044322
160337
015719
045455
033100
060000
052344
225550
055604
150656
212718
085856
002413
144028
091617
061352
033452
130901
093756
020532
053107
134806
001639
044456
164318
100553
000642
175052
180830
183428
102555
201637
093144
092135
174524
153019
053510
095427
153653
214535
234129
152945
031821
235658
070831
032026
165611
193004
155748
242439
005420
140636
013423
181632
130717
242600
112031
181104
051536
242033
054253
123300
192347
004302
210929
040943
184335
233539
114428
004425
151234
013635
135658
114632
102229
062419
180823
223656
241937
224012
010021
045842
112656
191328
091941
014106
045258
063904
081359
244632
071418
123026
061805
214651
150210
115717
244439
162037
072944
211735
234635
161614
025154
213817
103334
104915
245315
100450
040950
203431
212251
095703
100544
142107
241335
130827
070412
204111
244046
174633
245239
123023
160441
163507
012323
231108
114046
124350
010338
135623
072404
190239
224656
185333
121755
160656
174728
141425
044642
052506
065838
202935
200235
084036
050759
064331
143400
071405
173903
024049
073021
242630
105744
075216
161819
012243
065516
081932
015647
191257
215623
025046
130755
185749
125852
043139
091018
001739
061005
195644
102525
151437
003144
160735
085500
055124
032737
122538
192637
004955
000358
052926
003216
225227
035641
031548
001141
220527
214125
171414
245721
232642
061319
043315
171513
112628
043938
080936
184219
152200
014036
145954
145440
231233
085830
155418
071413
090758
045334
195227
110418
121900
204414
155539
240613
025104
105455
161702
070003
140454
124908
190634
062654
152317
084538
003719
073058
014719
104645
183831
231308
212919
040111
110846
011107
003940
040848
180441
191010
070955
245207
110623
024111
161933
135011
055634
124453
224642
003236
095239
012956
005235
155800
105137
181834
205951
241345
050538
163631
221747
201447
083729
064722
075920
113354
201929
112513
005754
075556
171316
010358
211353
171155
133645
123513
043108
155047
130823
191538
053552
221816
235245
012920
111438
130855
172141
085726
125715
025027
000855
233545
040230
015848
225321
132811
093936
143716
165200
030456
044828
180812
240454
095156
225206
104436
104142
185023
092619
165145
215201
180737
183535
120816
005133
062901
142306
124720
072900
235150
112144
002504
163741
043534
081554
221913
232015
090024
122257
122131
123558
020115
134332
200415
115508
171841
205813
110259
110220
223927
171606
081032
061444
244103
020457
214605
064458
033701
223551
164016
080302
020906
144706
205953
233032
063924
230235
010512
175717
220125
173818
034133
111641
200835
165153
235406
100557
044817
063138
191719
105759
182820
071852
224610
193411
010921
002847
153358
242047
074909
095442
245324
061820
001109
171305
114309
213141
233723
085915
065224
004301
155129
091107
064547
133058
065039
130656
110831
105205
135934
223159
221522
045405
171131
001410
212414
084623
041141
205200
023124
114631
021829
134247
132312
034027
130743
091508
054947
080454
144454
013528
060203
173047
170552
032608
034336
170859
212205
135755
043522
101218
104812
010454
224216
182147
141117
090902
193252
113010
211632
113140
105735
100118
244744
115938
112149
103213
223240
024909
233451
073319
122531
113407
045455
073854
211447
141634
171619
044138
125506
174800
120523
163034
010123
114922
151004
074126
014444
074313
014326
082951
152359
073200
084830
142215
074618
070657
174117
235718
143827
213426
005354
052847
031543
172002
214849
072421
124236
031442
070912
000709
180914
073811
062942
142517
114112
230927
052112
063502
103730
015342
084951
000935
211124
164506
110921
070740
230602
214830
222840
083810
083425
223925
110321
063746
024914
080516
151401
182222
175758
124655
243627
000724
192808
023955
165911
153545
004324
004434
024745
241154
093902
081248
144242
030654
132353
064909
142138
045041
042148
054916
162942
041350
045301
183009
075654
104211
165757
223456
211646
014351
124606
014730
152410
184659
111537
234505
001100
131943
065351
023028
120931
092024
081338
183321
115835
143355
213642
122345
224140
194503
111552
004526
095008
235249
191916
153733
235411
224104
124649
135627
170034
172535
245728
224720
160352
182307
202553
024315
075321
003702
094333
151112
181632
034235
192742
144927
003651
194107
044547
142842
031209
162929
214142
192238
180349
021823
180805
011946
132018
173927
032531
194747
103750
094809
103447
085012
211451
215630
225605
052931
035513
080615
101220
130449
052149
151834
064107
065325
180040
044725
171821
191420
144208
192950
240355
133756
083921
141703
145548
221457
100607
210623
043502
205421
165304
165352
113110
015222
080305
132206
190705
011541
121259
135940
154406
032412
175441
052445
035517
145710
194228
020813
233028
045257
201011
100623
112001
160241
061152
070504
101753
163227
103046
180352
184156
120250
074846
011951
050334
174856
213152
141542
104834
103443
214320
012238
123613
042855
194817
090401
134957
035143
090749
163305
191927
214803
012416
194626
014053
222153
234419
014948
171339
011842
033806
072122
053419
092156
112427
231734
075642
102739
104815
165410
023735
021109
121640
134851
144121
104559
141423
080408
145942
101457
060345
202004
224334
220139
090634
222617
065325
183808
144637
173828
120520
011554
190448
131354
052157
221041
155638
082407
051133
030223
244038
123031
164350
160823
084340
204035
040452
053343
245159
140019
124513
175100
073857
113708
042628
072919
031648
155512
085321
171953
244813
061002
185420
044530
022401
071256
184023
231639
162731
102903
184723
200853
190047
144229
182005
155459
044114
134950
081933
162301
231910
174003
210626
094806
090945
052211
195949
143912
033922
201455
015635
175622
121459
031854
235908
090958
112253
112211
183038
202606
164844
213930
214519
090034
122047
014642
165727
061941
020037
164953
090221
135008
100651
172004
092631
024752
244358
222249
185710
203838
035637
145559
181618
242751
024737
154617
150442
093918
174834
112714
201858
090005
195917
061854
131612
221200
053955
231530
062010
040613
160411
200209
001746
063244
072158
202042
180058
052540
033216
031729
240539
031351
105956
161133
195814
112510
073116
190357
130926
171022
014223
023344
090624
212539
003339
110654
231332
240421
214152
064437
142558
035209
043027
141959
001312
162126
151926
100957
164241
231722
005644
162814
051300
224254
044310
211405
182345
240655
202241
112228
150723
192629
060148
160659
044856
140834
094444
043721
211951
181832
044953
233913
244240
095846
082006
210109
064349
004030
205447
041844
015041
142034
184733
152824
221251
072718
165842
161038
062236
062110
032109
141113
042059
161041
041352
231603
095741
002627
233221
112225
213359
192616
133100
124506
002342
031633
123746
172048
043500
174312
080310
011449
221145
122208
014415
011451
190337
061111
234713
023427
112928
202333
091516
245631
011008
000825
242133
165018
214810
112758
174551
084027
164603
240840
180009
114933
245545
000042
063438
173741
160350
114842
071456
241235
174935
171241
025941
020122
033945
114318
044904
042810
214609
225812
231227
125417
010019
170843
044135
221020
245358
173415
041236
124751
095838
191435
181106
025445
112858
033455
033733
075401
044117
205735
093304
071849
024514
175436
241108
020723
111402
225352
153017
162810
060140
234102
025358
184017
055506
040547
243256
072552
031618
094042
181432
182801
160021
032416
100410
095020
001331
134658
010436
171953
065135
201716
214842
192957
103415
084656
003427
062457
100901
042403
122331
050315
014410
005356
083135
111429
145339
052809
134712
162333
073957
102049
005311
074058
065817
120115
230927
062731
093812
051629
122900
132201
093807
102432
182150
101217
060503
090843
015234
120148
180228
231405
210018
010617
054358
143306
082037
024821
240636
170834
005844
173450
213658
152819
042449
201452
183147
201047
041530
061632
151716
173313
033018
043024
174349
195542
023115
004150
200610
141620
191825
245721
153430
052142
020701
092843
235529
120312
233106
180231
091429
074803
195210
083756
192113
232428
093159
172336
102320
031107
183445
234000
093501
155428
105915
024949
053620
092455
072840
055341
104659
031921
092636
165828
194214
105017
135529
153009
083853
040826
163408
062412
055036
164330
045738
114146
230431
111320
081412
065812
081128
024212
063213
062610
134412
062338
062702
234704
211639
035236
153712
173439
185344
054850
000157
085708
121329
213031
024108
143417
072709
034629
174857
081335
192411
100944
014228
035438
001355
195626
090137
043823
174922
063950
144612
200603
051118
184626
041936
152210
241142
235607
012525
192843
014412
012333
190100
195020
151559
131215
192120
241256
234848
230746
130514
041651
153309
185330
184821
114134
084749
121126
222259
162002
211013
231209
015735
233600
131412
234429
172213
174443
080302
033530
233703
113308
004743
000511
234112
034726
232314
245436
161438
210213
183752
044858
031543
143826
194602
140644
053336
053557
142403
052643
010225
105355
134513
122117
094829
204025
001426
034406
044039
142510
240135
012454
143831
245342
054631
024100
103710
243751
125716
051638
081604
140125
045530
093840
092301
174501
230734
045137
212759
041944
142857
235435
073308
060512
030514
170524
203846
014439
201808
231022
212915
082135
043949
005151
193824
123127
001530
085009
095433
191420
113900
000728
103813
215451
231641
222046
093751
002023
174120
074705
223120
134625
022844
172835
071924
232557
012048
175120
050825
042741
153730
220738
112416
120325
083622
240434
033543
020326
233813
215050
214519
022620
073159
081508
041557
140719
162338
085816
234840
024006
034333
231834
132254
003823
221001
022336
133114
070623
021612
014912
144522
180720
133724
004100
134017
114949
055747
144155
230615
005222
125618
020646
062540
031139
151341
124043
220408
172917
154226
245022
234540
182333
150620
213757
224439
014922
083451
064839
141435
082558
150036
015027
165837
240206
200718
224931
132719
164949
182730
101309
105733
195720
141543
143654
062516
023136
002104
024726
241721
021207
200912
110126
063655
074503
095540
162925
131710
154153
002112
183904
055459
094158
050603
050955
195215
232501
004912
104354
125621
053026
122956
131803
213437
080514
070532
044301
185758
111327
012914
160547
073421
140825
163123
124256
064949
232018
074007
100742
062035
231015
232017
054959
235910
001435
112728
035924
003750
162713
064518
124340
003515
115014
162907
022922
082017
173722
003643
105256
041836
001214
094102
024854
242902
050912
111456
213249
062716
010944
040255
233058
060523
121514
052648
163012
221455
014022
062826
244902
180817
224744
101034
192726
064547
090853
060246
191154
090929
145911
133103
144553
030829
133538
145211
223717
195525
243056
175801
225908
163842
202602
163827
115805
240256
162511
183950
005121
153116
230556
213721
074719
244942
044016
180009
112017
161249
092727
102626
020913
154224
061648
105052
044600
130055
142042
152129
175849
093709
082058
001010
100720
183207
172743
205804
101857
005306
235840
153705
213538
241859
181908
031914
215641
161455
083207
175750
115610
110303
001254
210227
192817
192506
154026
054200
064915
145355
020140
074544
070126
202337
041243
124139
241047
023645
225111
131053
145645
145347
165314
061851
003446
245951
231142
061838
225059
200832
071039
174707
115240
022637
023134
084501
035131
075519
094331
073311
205607
033837
025720
123656
225938
171623
152102
183542
195227
090354
201850
035658
200231
212755
074407
022003
215916
063142
244028
060239
192854
162659
072131
102305
143202
170616
162149
151144
022506
094259
155810
241650
022804
042830
105104
040640
063325
153259
001844
214831
093551
061125
031517
170706
122243
181237
034339
165026
035035
010750
161402
184131
204509
235721
013827
195910
094133
170650
065348
225950
193530
142309
110857
240406
070432
242825
061228
003939
105812
113854
142422
064907
213653
113323
042943
104921
062709
100402
162423
191311
134724
103936
061936
124143
113037
142008
163843
214346
073059
100144
152302
083351
204353
103928
242031
143540
191903
114224
184637
134733
130559
091903
061938
153306
060503
231202
204234
184944
195126
043728
190852
222749
064425
243030
152006
131012
140137
061817
034122
215422
070958
225729
211715
164449
161508
195902
063747
034129
191246
230922
070227
244942
085105
090807
015735
032218
232552
035047
080632
092137
081802
081446
041805
083455
175418
062824
012711
001735
235650
232848
081619
160615
122343
015824
115332
221000
174401
203502
182127
180036
051131
070936
190403
202245
002150
170328
181443
244621
173548
205422
210245
070245
143653
205657
121011
001257
025429
005909
015321
023943
180122
042245
024028
164801
134340
052442
211216
055906
233433
243607
023550
090009
081618
021401
245523
121447
093318
185402
121956
150521
134839
084015
004113
025342
145649
121349
004809
085132
162427
181044
034454
215010
140235
131043
221317
050040
021553
044055
072412
100156
032107
124030
201201
003015
224728
072415
065256
204939
224307
025001
094858
123832
165918
080528
121110
043729
043051
203802
040441
145759
074732
074731
033852
063903
121453
182553
155904
114643
001655
073103
234016
125313
091405
073617
212956
083119
233633
073128
115730
204014
044616
000736
215355
144109
120905
115849
003004
242315
180016
121544
044800
012558
084728
215451
181758
071617
090114
191137
141449
212834
103036
055011
034934
191426
213321
052250
191622
180027
131502
135850
071314
190116
181001
083157
143542
203744
011828
211058
120137
045302
124218
201525
134738
062456
234543
210910
041851
131452
142733
143903
163926
003142
094006
084157
164626
045705
070449
190528
221522
164844
000544
241545
215556
181747
112459
031018
173441
120958
131202
182055
050900
112000
242243
152826
090549
051028
170714
150117
110211
143021
083345
222849
205539
044944
002501
130415
012454
075840
004047
124044
244244
171919
060438
143539
051654
212322
192954
045504
071009
015823
070749
215753
123216
015321
222739
232630
025742
132821
100727
072718
203850
063622
142142
232344
211045
060242
164433
095456
242813
093415
224308
074441
111314
145539
055804
072734
064552
123329
020703
225828
051226
032526
083927
111803
233654
240549
044316
090017
233907
171240
162344
030131
141219
094347
241309
053734
035720
104340
061423
011443
135759
220933
093727
143654
104247
090721
151125
013739
022458
133928
211443
161232
020732
230124
233706
110748
092456
133416
223847
175318
115322
143250
241822
112635
215618
083023
015501
091541
240723
195103
144729
080830
063914
164907
030301
035633
143346
234217
165559
202921
103412
134619
175705
034810
241455
131357
004136
085439
122606
092351
183742
103858
010036
125537
045815
094914
224041
161954
163133
121928
093815
221052
234701
093346
005456
164825
200316
243531
042053
155504
150300
074023
201804
072835
223600
044910
095848
054825
163602
055223
045634
112931
221136
014715
125753
202538
190837
041848
194155
063819
031420
011635
225254
063020
114640
175335
113634
223912
133921
221024
103838
060446
001340
191124
221008
095150
061929
013826
141433
084637
123254
104800
063132
223726
045806
112437
235935
010948
051108
033627
193926
043603
165414
100702
134309
243512
231835
022222
163527
013621
210043
233749
101952
150338
241132
000545
164314
142139
012610
142350
125147
004516
201237
131512
001121
013959
133307
020029
014223
181543
164211
233455
191118
233910
022820
152715
082531
161813
101610
092738
140813
094720
174343
160100
095140
000407
101914
095652
045826
133103
101340
005304
093651
132627
210710
193918
061519
073812
080659
141530
244622
230533
174029
131041
053207
215212
135751
213722
035433
142502
155107
125100
184831
204616
215545
071017
131055
210648
185551
074257
145352
200730
032247
102403
013608
105814
231426
244535
033949
190925
043741
133330
023029
032238
221514
175922
033503
164603
183045
070747
072716
043408
205414
190944
052428
073336
151724
084406
144333
154824
225207
084608
105632
125751
141925
163633
152414
065610
201258
234524
142852
091229
070259
083451
240849
031722
180617
130416
163238
092135
212957
100819
161054
155442
124815
130330
061706
115007
110931
093459
051722
244244
184803
025651
101955
183029
141225
204755
080622
005630
025106
055034
152534
012302
151338
220909
225852
075242
080505
114250
230648
142008
095154
030316
112716
092715
090521
114553
093248
200650
074121
000527
094433
205812
102350
242108
114341
101747
010813
092803
150413
125559
222043
092005
010924
225131
184037
124223
011837
105707
030328
052511
084706
240739
163840
050824
134358
101807
145654
220512
033743
043951
021553
080811
142449
203502
240941
161401
001438
185756
235048
151346
184430
084719
023839
033002
044937
135142
185556
024729
072406
234211
103916
010936
012946
120749
222110
114046
092930
012106
055320
140858
011650
062750
200246
161832
062135
133213
204452
212850
134305
233142
211422
060514
114144
152553
202405
061658
130533
192354
230945
161301
022732
242030
145749
124650
222433
054556
174903
085742
022635
155051
064509
154725
244125
174046
140448
142831
044706
244947
140700
004442
065452
015213
140226
235823
044143
173506
002930
112253
210619
152059
012645
243334
134731
180901
150844
232414
221741
244451
232439
233248
200119
021306
133746
133818
205854
101714
053110
121143
160949
023229
191118
215101
201555
234602
201220
120320
130901
104247
133410
064125
192949
181925
195500
184327
114540
045829
063434
092040
032127
141748
070113
192052
202302
010507
033937
222236
145424
120907
123555
101112
062045
195207
111230
205042
101052
023437
000519
021416
114208
024810
121750
040808
110304
070546
200245
130805
050556
171255
125829
174750
124417
191441
014634
043210
090011
060811
180514
024201
115244
082200
054921
151720
102844
150714
114622
131814
015233
040408
000123
155711
121614
155858
231115
103549
111958
204719
151638
001151
243914
183211
023842
053839
222623
211149
031011
030512
041903
022015
132008
062727
095204
243312
091117
211003
140645
063029
200006
211355
161242
054309
232149
125309
121113
022339
155932
032421
023115
233338
164831
151938
031402
174539
033401
005237
092923
075513
061020
192719
085144
222550
003143
214343
155237
060937
191401
041655
094548
084750
182757
070449
175633
135312
152526
134328
105924
025928
114102
191221
093632
005841
102128
030812
244112
062341
154146
003803
122447
113220
065830
102804
081042
242929
003427
041734
050604
014306
140726
192158
083154
163702
034048
012718
220440
091251
151251
021252
133440
194420
062908
150824
231407
045002
101244
230016
244501
034438
120313
211537
174553
180751
210323
183739
123951
225102
211125
161833
242751
153429
234628
141145
014601
220531
203606
185342
135149
231604
245611
040730
182205
033343
223026
133940
194548
240748
042629
075322
231201
240553
090615
152053
113052
225609
233452
114836
135912
242032
032330
154531
024249
072815
041728
034833
095754
244050
101839
232800
094943
182053
082233
233021
202906
182402
074943
005640
160634
101822
034030
180141
161822
032555
063927
072118
035147
241105
111018
050804
120734
085043
240015
173817
101328
245706
184813
034238
034745
000754
225904
042845
155346
213845
173041
101725
223641
161552
190419
151845
054746
115008
215355
211520
165054
222557
245103
075922
230730
144317
162845
242341
001527
095238
190736
000806
243333
244018
152108
040945
021456
031012
023432
205323
194417
174910
112311
210901
143531
160234
153920
171200
085715
065410
041144
224342
031204
194439
221136
105657
090347
142625
082053
060302
073046
025327
193637
075724
085445
061456
143011
150133
244507
003612
031651
201551
001533
154214
143119
123616
032312
011348
105437
094503
013127
222936
163648
103906
025408
220547
063348
061706
054933
083251
230227
210736
192315
245029
024210
172949
181514
053927
190750
233522
041355
062631
170942
173532
024409
093937
044926
074453
180959
225908
225514
002639
110551
071601
125421
024326
092418
152125
075324
151008
015518
202207
081348
054304
113701
023526
125654
213729
171112
235520
230809
171142
105130
154513
151620
104201
112351
042600
151210
211800
043338
233213
013832
003501
193204
174058
081021
121506
071524
100913
183654
215714
184459
054144
123215
051927
182518
102000
150753
220335
045016
203922
123319
173836
152835
105005
025751
175631
221743
151049
233647
221545
051731
120101
064806
131206
195904
020150
205605
062401
160843
090753
035114
190611
223450
062325
091127
202049
211556
044404
225825
223716
155122
122633
123405
243654
024230
040316
203549
110951
244528
171539
164047
102326
085548
115318
042747
152217
242821
130130
035235
011943
021842
192732
022016
163922
133324
091053
112533
231449
202030
074959
185713
215217
164529
100954
195934
015237
011613
123036
174555
122108
042905
105003
150341
032328
151003
032035
200412
103617
224055
172026
181447
101220
081025
223748
242234
222250
223922
131549
245807
240522
164209
083157
243446
090732
025951
053326
135432
021651
152026
072007
142529
144515
241850
072928
114516
141113
044918
015737
244445
190406
185333
053224
013918
112020
090415
052216
080955
192803
090320
004010
201841
064432
024520
172139
120454
191030
244325
213359
154147
175759
165353
004013
081820
093137
094457
215536
160044
090558
245434
004143
142034
164104
190032
221209
061209
194511
003828
112001
195812
214245
035038
164417
184203
173232
190154
170025
132705
164023
204309
112922
065529
013745
224457
240752
143224
204046
224001
100554
093849
073139
013809
034656
114420
073007
203210
035351
195439
020707
082545
120428
065749
113423
045605
034059
225449
042544
193242
015208
012014
121252
201941
213559
202723
004131
054853
040830
052803
155144
102639
205314
150903
075631
022215
075327
060124
020732
171441
051512
075306
114403
245335
005259
062500
193306
222146
100941
043755
132241
224334
031402
032630
015735
100954
015739
162730
163409
232734
095251
133037
071500
075113
191938
202603
105819
132610
140135
161815
052637
101118
011147
140728
081636
045652
210838
113030
201544
083212
015711
041036
005304
072021
001440
132756
222037
141805
114848
191447
221749
130823
132926
101412
223029
245956
113637
050050
240113
060123
203350
150944
121231
133237
110057
113645
020321
003335
240945
210337
230122
131833
064742
081313
162036
101044
162718
064333
134903
123431
100617
184411
191720
115754
040520
210516
005512
242659
200504
224006
173809
191842
051722
154655
023235
113200
045240
050017
133005
145150
164050
084908
030852
234142
050527
125505
053238
070427
183838
140240
132348
090831
051704
090538
203152
061228
085359
194212
113512
142254
165226
020335
041627
175109
182048
054401
202639
174635
084355
005305
195241
075843
231404
162327
133123
151947
040218
205352
194455
185900
001201
095028
231824
115636
183518
144205
161954
240504
151951
171747
114305
172946
212600
030910
061532
055526
040636
080147
021329
003531
235535
074810
073340
200003
020149
124008
235849
041811
133212
150228
020220
034202
165453
095921
125633
145249
024618
060942
011204
203735
131715
184106
214444
014658
222201
244050
151405
094403
203054
212106
224019
195731
010508
105903
044340
120227
103201
235426
234932
070753
015041
053154
163354
040735
060417
085914
050613
185724
153649
022914
052334
082309
003145
065627
094009
190840
031726
091038
093645
064701
065036
061255
122704
013000
131337
071921
132440
243240
155133
024936
004810
055731
113042
002414
033742
051016
100556
020414
124126
245533
070242
115117
241823
151936
240152
202151
215215
143042
165643
111709
183422
060838
205731
090006
112647
121759
201444
013619
165931
112537
113508
102919
033336
182556
050623
183837
064125
061509
240333
034936
200404
054716
232726
001424
044905
174518
032404
064856
120035
070219
231253
133611
024956
171953
005224
080531
111227
245012
152809
051150
085748
240028
111842
115126
145127
005805
193446
165056
082207
060521
064939
215651
194611
081908
135338
221720
012803
083733
110952
061608
182827
164720
200513
155052
150733
154432
163816
180042
045948
005257
014559
230407
025356
185708
083213
212442
041241
244657
175207
074148
073525
161851
025904
230637
091405
051933
232259
110230
014113
123658
155411
031642
173107
163552
155207
021930
183519
002123
205147
080145
032459
025246
050838
231121
002206
134635
012536
115445
015205
040406
131142
220305
224145
034407
083929
053620
143633
174837
104548
065750
141438
000216
160937
164355
200734
160911
092507
111443
173036
072126
195308
224024
054247
001322
054620
050207
094737
141350
015651
062321
034743
090621
233948
243127
141711
075704
205730
022335
035021
220956
030903
001926
112818
153659
125923
110835
093517
154743
122046
035551
023939
052709
160731
103752
020336
101804
151252
122026
005409
091156
245912
131740
230359
164010
095857
131133
011118
180925
023651
053132
202025
074310
242906
011231
173258
153144
114008
021553
120303
125546
134758
085728
052622
113115
001940
191902
095816
204715
172621
191134
142112
042443
045143
040905
193725
183541
082322
243325
191836
124930
182416
073215
034949
011946
172539
055035
153034
063656
175215
080604
170302
202319
222941
144612
010928
052805
162536
154000
191427
194820
174718
114856
005353
231033
033627
033250
214618
041048
050231
041943
052701
213316
152724
061806
180642
040211
082128
131313
000207
101013
144236
131456
022139
025017
081119
185120
030823
215621
065012
030831
142513
050015
060339
062210
050134
164518
175903
041905
052145
161424
155502
184157
060212
200121
082257
034200
141833
172532
112449
093415
160420
243242
164903
230819
214428
220228
133931
150205
243831
113633
065045
003458
110907
060244
210746
101848
150944
003538
023446
064424
090907
243708
161556
041545
221752
051716
165628
222121
201906
013824
194446
230346
135928
214703
115343
095949
133752
152621
022223
013211
023939
153837
232840
222227
155628
223716
180008
245837
062349
111126
241648
102751
135625
094950
174544
091934
133027
235013
194321
100202
213134
205849
050309
043730
031829
122929
160623
075406
202533
080515
024257
024632
163323
114813
245940
072644
034357
214329
091652
181146
243636
243023
001129
065742
001245
160926
140516
185740
044804
145757
201718
063817
244200
212303
055726
182028
183354
082004
073142
074201
165920
184201
221028
110725
224341
104937
223224
015930
133202
105124
170513
005710
190106
155531
243312
053629
140345
124315
104615
035634
085259
181920
093240
225917
210415
195337
150336
185155
143025
194915
214937
045356
173809
044436
220003
213645
071816
033752
123805
234637
161719
132712
201127
234558
182952
104745
193801
092148
065418
193031
074639
205458
021313
203722
021631
005424
105735
105014
134236
061348
173832
070513
130512
245434
093702
052235
114342
210516
053320
244029
154916
112429
151741
101620
004037
121758
181949
105148
120019
130335
232310
111002
005146
010804
173439
045401
193451
000240
235556
114718
095212
073627
122858
230248
021701
163822
183207
002718
145642
013828
121359
174932
013504
070737
110933
075615
195847
062405
231717
181009
023857
073058
033428
234413
004410
202518
160322
245736
123023
065956
161401
232655
130432
012814
172924
074906
221222
091419
060439
131300
225021
220140
201944
111639
244301
090715
074055
063503
095500
223128
221227
005001
034658
203608
012240
232136
043000
230333
052020
242748
112926
192344
011343
055553
235117
022429
240708
202436
202556
004742
124158
185518
173410
020837
072824
123305
182846
140757
235631
204409
113438
101018
154632
031259
181455
042532
025235
000803
103500
052804
052403
080533
231902
151728
140034
093235
215722
051151
060129
153324
020223
015702
080257
032527
074652
034539
084022
184412
080758
011433
005809
190125
223903
233657
031649
235334
214153
122306
200550
005601
061135
090820
171109
073731
114849
041734
005938
234356
102828
211552
212351
233243
041443
064948
153220
172924
161426
071046
153911
153456
143834
031356
244111
171524
104109
000222
045853
140339
021154
051803
191253
135125
231321
183350
200102
023913
224133
154921
224829
170858
111107
113335
015455
163622
103618
184959
123828
162300
194127
032516
173804
135110
165139
081142
000620
070921
200820
032415
111549
044319
003506
163755
192749
203513
153222
164929
215820
103037
232648
120527
022216
225513
010015
205146
085155
191137
095011
145813
204359
050143
180518
202559
103642
042713
163942
104119
022934
173609
043750
130322
042300
164422
200352
144325
091314
074054
011844
093110
132750
233222
152640
185104
120805
081335
091655
195256
141822
003253
092015
184706
094950
133442
231406
170954
131331
223553
160747
080735
215824
143335
235726
081941
244512
182130
182932
102717
145829
065601
054310
211039
194158
230804
170513
180042
064318
240453
064048
122432
001841
230516
143118
004818
080510
021849
112145
052822
123721
031108
091102
093656
063635
021605
184108
032126
052430
081526
194851
244159
073228
065921
074359
004643
221501
215107
130320
140453
114019
170805
121532
083415
172331
062914
010041
152147
044351
014440
231943
131207
180543
063047
225544
002301
163648
114505
013916
001241
190917
195836
232336
013856
233423
163304
042356
112735
243112
224901
133331
193100
211817
240044
135905
075445
071256
085525
054401
010209
120022
092134
083443
205720
181008
202923
245254
194137
102055
240524
130603
020031
221221
170350
181833
215305
112520
170623
102059
023922
023014
014834
065333
062830
023307
240702
140422
011651
000604
083615
043700
110137
051248
004922
114925
174312
041316
191038
185040
152735
032617
092234
002324
194256
202424
211849
025010
225222
233949
085238
060445
154435
110016
054826
192604
130851
215703
080325
225138
003641
120448
214012
052403
134933
173722
050741
082444
240524
024925
150807
124920
243331
112744
183730
012442
084151
031523
012130
021410
082932
223932
063214
203458
153304
004851
131844
043930
180412
055534
151001
100042
015447
193234
184523
041339
071138
104223
132449
184527
095537
033013
100607
104435
200621
050651
214851
032535
103405
140244
002924
194826
214616
004200
111612
222741
130133
015759
144001
132911
184208
024347
162419
123236
053241
004553
030736
