500
122151
232333
152700
213849
194413
023016
031653
122000
130631
233731
205819
012351
201210
045626
231329
043041
020220
091005
225401
055712
044132
033937
112315
021531
190441
133158
203314
175756
011658
245349
112835
101009
103341
112059
231418
071705
241640
093032
182835
010249
123401
174923
210143
025818
023405
030048
225148
180452
173409
074553
040711
152852
200801
205621
014041
174845
021755
200632
164546
230905
060147
223153
204855
033749
233516
174242
081808
162108
171639
034421
092352
070335
045039
163617
065637
060421
011113
014013
135546
172132
235004
092726
050952
124302
150435
163239
021220
034603
234232
004449
150651
141502
044438
135327
195832
053521
082326
123139
080155
035703
020804
124402
045718
162658
102435
231235
044031
231728
071010
090054
161337
051211
110549
092445
181406
234527
194517
170139
185404
012308
060548
121411
043911
170420
132744
203634
221230
055745
233805
141450
154551
181914
004119
201118
063353
071305
095711
083001
025455
143253
092236
215956
161640
103621
081115
194132
015150
001711
222206
161732
015003
241222
125656
163832
140217
132913
045427
051815
035056
001954
125342
220110
092642
031329
245406
032934
132324
154756
164515
211702
161115
173427
002333
033019
000436
132100
200906
015144
022856
230439
210142
242214
223726
193608
124251
092415
071831
041758
212013
175734
075311
132710
013453
211355
053617
074711
015125
150430
030744
172101
132346
173733
181032
014242
081825
120220
234215
075409
163338
102907
151023
221307
090348
044722
075923
033144
153124
070913
073449
134804
073500
075307
243538
122113
184007
025418
123601
124754
244743
214445
075626
222211
035934
113356
104621
180832
090552
124629
184845
165601
243655
205852
155132
213225
024822
065258
073309
215137
202838
011610
202956
010120
105507
011224
244613
010258
143752
073319
171251
133610
081602
114222
171406
133545
203254
043729
154746
010347
083055
081947
101214
145555
153339
132426
170423
190749
171121
002803
035715
231908
014354
024232
230512
100653
240130
033338
215542
024142
013853
234655
223838
141754
091311
234042
014931
200757
130052
173020
121232
044939
194105
064102
070843
005657
003128
014303
180948
005505
214744
135832
110828
072526
120225
243722
014505
115123
205852
204337
133320
042614
005402
101151
200903
202740
124108
235458
072503
041229
110751
034129
125007
084338
015131
153424
244928
041826
232607
080022
174031
244200
125317
120046
030652
180630
083803
212333
093902
010301
042453
100958
180026
145700
011149
202312
234722
210535
100640
051710
133653
153751
230001
034404
021823
221524
201124
234702
034634
091253
125624
024954
195234
154820
013734
131931
112950
144138
103729
081800
143111
051357
095309
123518
070111
034457
164645
090911
024104
082543
131346
023057
002816
174626
234436
064652
143403
173624
222308
030615
055413
084818
022421
172930
051347
104636
240102
074412
143733
242222
183800
083430
144121
195227
162159
074752
201622
091511
042658
205026
092216
044651
151725
154445
145448
041224
231436
113929
211036
002402
015224
003411
163748
200500
015904
000700
073918
222514
115244
050944
021514
235732
180500
013218
200612
074955
155138
064920
154858
125944
025836
043225
022817
113202
115354
042541
132110
095253
001558
142556
024745
201810
102947
223512
103136
023730
130438
214309
243134
044607
124355
133741
123036
061417
234316
053036
034339
040214
161632
095957
162636
093920
005918
234308
171143
171514
075434
080326
181456
085715
000336
105254
121922
112933
105938
074041
182741
070541
242403
220826
173143
003139
