100
153236
115729
051430
231310
204923
013002
101723
091110
012011
213010
144443
160331
120857
074938
022702
090845
240340
013221
232429
054925
014221
034213
212430
135840
060603
160127
033447
130611
141829
110822
121918
065907
194351
095852
081725
050304
215812
030840
140146
011250
172357
235314
120325
181411
115643
181100
214306
185450
194910
152411
191555
045922
112014
114318
142030
143049
032753
221014
082827
224552
233929
074354
201641
074115
191848
030846
082035
042334
193949
174603
191845
032932
141204
150952
062149
130949
163410
093409
151255
205342
094018
221842
231529
135010
041046
135718
174858
012822
085501
024859
154731
085539
020836
072338
105857
025933
143157
034145
012824
191843
