1000
1444 20 180
1372 65 124
217 105 47
454 137 99
1843 87 125
1926 728 305
1076 144 170
866 324 7
1379 617 269
274 78 7
1094 310 179
783 38 143
210 39 3
850 40 126
460 150 109
901 70 97
168 21 37
918 110 41
955 472 114
1824 352 322
950 11 13
1102 358 205
553 259 88
1846 811 456
1992 91 252
1155 356 229
1523 97 4
370 129 73
1816 731 36
1681 180 37
1035 468 159
570 258 65
1540 641 241
596 37 23
1550 202 309
895 236 126
411 141 40
115 2 21
1960 313 426
513 134 93
865 202 138
1536 494 154
995 97 122
1998 810 107
1407 108 13
1407 299 45
219 23 21
630 226 54
174 56 41
1959 154 233
391 153 57
1747 737 293
1393 609 195
1589 515 180
1196 444 186
163 58 12
292 85 49
882 202 114
1994 850 186
1844 59 192
409 107 62
1567 198 229
1332 168 306
126 21 22
883 137 52
777 314 117
410 182 9
1984 643 464
235 80 8
772 136 156
166 53 36
616 115 22
1912 943 372
543 238 132
1410 515 89
536 184 120
290 121 63
1013 187 202
1853 847 456
1547 369 72
727 104 103
1340 624 256
1752 307 283
314 99 67
1072 521 98
315 27 62
319 9 48
1767 374 176
176 53 27
520 7 99
1472 96 156
892 296 116
707 31 68
402 68 13
1305 35 200
574 211 102
880 112 3
1349 296 276
901 424 200
369 158 22
561 49 112
1960 254 466
1571 158 199
1678 225 81
1518 369 252
1077 483 259
843 369 3
1772 466 93
1911 369 442
1650 204 101
413 89 83
257 7 25
1231 490 155
1226 584 199
1181 220 16
540 7 61
984 443 223
1634 328 60
1549 180 6
1155 233 195
1745 37 43
236 25 39
378 30 53
1268 296 45
1244 491 105
1550 736 216
1363 149 250
980 370 127
1143 96 197
649 235 115
1042 500 14
1277 161 75
802 297 190
1870 178 109
1298 648 207
1883 808 80
674 140 149
1806 480 105
1813 423 406
192 36 47
350 97 86
1771 695 338
1544 46 114
1872 833 246
181 89 10
840 185 125
1856 267 155
1354 280 197
903 269 214
1214 605 19
594 111 18
281 75 52
330 139 18
1080 262 2
497 123 12
1437 257 225
1167 290 49
385 174 15
1571 560 309
712 88 78
1556 712 269
156 40 33
1046 76 161
1634 657 58
1997 280 149
699 58 93
208 67 22
737 12 21
240 82 57
1394 128 308
1981 795 259
1262 147 39
747 208 176
192 5 30
1006 182 203
214 15 41
770 134 66
559 14 91
379 134 84
1655 257 161
565 173 44
230 110 43
1300 363 226
1859 910 245
270 65 26
1082 151 236
1686 370 73
1120 46 250
1258 273 81
1136 228 177
1046 471 93
1039 318 234
1460 712 348
1068 114 71
1886 649 244
1365 563 218
1765 447 77
1699 363 402
658 97 31
1972 969 149
370 25 27
1019 225 180
536 200 20
936 167 213
416 116 59
1835 355 20
473 218 11
1008 404 25
1309 162 269
1629 575 386
1981 681 138
1203 12 272
643 233 129
1013 100 68
331 124 35
452 152 100
205 31 26
923 206 61
221 17 16
285 141 51
1888 109 160
517 94 57
732 327 48
738 32 63
1016 184 174
753 185 67
400 33 17
1044 281 228
569 7 49
303 57 20
1893 611 188
1519 155 327
1431 461 134
1348 146 25
466 33 9
1067 109 182
1100 448 41
835 256 90
1848 771 93
581 258 38
487 51 11
144 37 21
1681 516 180
1284 422 199
1703 153 331
492 62 121
281 73 8
877 284 209
1132 357 218
440 140 105
1413 248 233
1900 735 75
1700 106 196
1050 355 133
514 249 42
1171 75 166
327 101 3
788 352 69
423 97 34
1896 40 472
1099 499 93
1238 587 2
1424 421 165
775 73 56
1444 672 105
705 332 62
1287 323 45
1172 327 79
1616 257 257
1712 626 252
198 23 4
762 197 187
558 72 77
1383 151 332
1076 125 30
254 50 48
899 294 217
746 319 62
1979 573 131
192 82 12
653 42 60
774 328 54
628 69 88
915 55 84
589 226 120
1033 208 208
1536 475 49
268 22 10
113 7 18
1693 31 105
1824 571 379
125 3 27
612 268 93
1115 25 82
353 93 66
1416 296 213
1338 429 211
171 26 34
1809 565 73
1234 247 294
1905 898 443
818 194 102
1134 536 225
149 64 3
1940 530 39
924 204 166
1210 394 36
1416 664 223
1485 263 21
1772 809 224
316 8 6
1817 563 101
1964 53 38
1168 112 284
912 263 159
792 23 134
1985 32 271
532 99 52
427 84 94
533 182 97
1115 258 148
1321 380 107
1606 502 211
940 67 22
1314 72 229
537 168 94
1803 69 163
192 34 15
1089 306 235
1540 755 82
704 223 167
1038 91 100
954 16 170
1142 188 167
249 116 53
1243 215 202
1682 664 333
107 2 24
1086 491 106
1951 934 341
886 365 192
466 124 10
1818 345 364
835 164 172
1813 149 309
1535 135 177
862 201 158
723 253 122
1793 708 41
1264 456 223
1924 485 139
1437 682 357
1420 276 307
1728 770 21
1442 478 18
764 144 38
951 32 158
1607 30 109
413 147 87
849 294 140
1950 480 165
1171 52 14
1351 433 331
344 91 59
366 156 13
1908 755 445
274 9 10
1402 413 230
979 470 166
100 15 4
766 116 147
367 144 77
524 238 34
974 235 89
859 9 108
1370 565 271
250 95 45
405 117 5
1448 526 355
118 5 20
1267 437 95
196 81 48
496 181 63
591 248 7
1380 622 86
714 125 116
1437 150 233
377 186 69
1429 614 57
1208 294 110
1976 184 275
306 110 50
924 427 85
263 37 53
1904 151 105
1703 482 103
358 124 37
132 42 9
100 31 4
995 373 54
858 311 147
1637 669 65
106 27 24
1284 147 147
1799 50 252
373 11 53
1206 250 268
1554 5 69
1804 575 407
1901 478 376
115 16 10
1277 176 116
601 257 15
236 50 43
1556 197 68
237 72 4
1529 746 259
363 70 85
556 187 36
1139 97 269
1473 135 324
1768 393 310
969 140 171
617 232 96
1356 642 227
382 161 21
790 91 183
1447 707 154
1700 425 108
1045 415 21
1757 708 25
1525 679 225
651 263 139
1042 164 154
206 69 36
918 94 86
776 204 176
193 87 40
1082 372 15
1280 359 5
967 307 88
1509 473 222
279 83 57
732 255 125
344 122 56
1528 756 169
1277 482 20
1374 515 286
1371 624 20
1648 35 47
1871 8 86
786 371 95
148 66 30
1694 131 15
558 224 131
722 183 136
1774 175 367
1232 85 236
344 30 48
1009 12 165
1476 515 355
235 32 4
985 414 199
916 190 92
126 6 21
929 330 13
1763 614 97
654 167 146
288 76 50
1903 945 449
524 254 72
1358 164 63
1485 341 69
1907 268 212
1332 59 289
1622 77 379
489 137 66
1720 485 333
766 367 9
1756 522 371
1759 640 219
805 248 152
1598 129 379
571 70 88
1198 250 71
1898 583 48
793 195 146
1789 463 270
1609 123 19
1512 404 177
1130 40 153
506 150 101
352 117 12
1792 336 263
278 107 68
1426 459 286
349 121 13
1730 282 131
1434 189 354
1004 235 213
462 79 26
1620 154 84
1216 578 293
1044 67 96
1775 411 35
726 331 69
1123 326 205
942 372 177
880 370 212
563 21 135
551 213 65
1051 514 19
385 2 63
1147 432 153
1609 71 268
1810 509 245
761 91 123
565 77 94
730 229 119
1012 41 217
1489 77 326
1131 497 89
990 393 157
1920 757 70
744 200 122
133 14 17
1777 808 161
277 85 38
836 137 151
605 227 19
1292 108 72
851 98 16
1091 298 155
1357 258 104
1591 219 378
782 357 117
770 250 61
590 191 136
1431 287 185
1973 976 214
224 108 27
1355 541 176
1092 87 9
1568 364 30
110 50 21
239 100 50
990 212 181
767 246 48
161 19 27
279 71 41
1612 696 362
1331 195 315
1497 247 181
538 206 82
204 99 36
1330 242 231
1249 623 192
1317 393 81
1016 276 7
114 20 22
494 132 103
1938 777 140
919 222 66
914 110 51
549 183 25
1572 262 322
874 255 197
1364 626 139
785 262 181
151 41 30
1891 128 271
1275 137 119
1305 62 311
1095 247 220
1856 463 363
1746 221 279
1358 173 204
968 243 53
469 200 36
1459 455 98
1366 114 114
150 29 6
640 233 109
1024 433 107
141 38 27
1938 177 164
811 59 23
837 12 5
1181 115 210
783 130 83
1095 539 172
1925 425 159
259 124 17
1192 210 206
1316 328 285
987 287 110
1776 24 37
967 211 88
1951 210 254
1545 356 100
1884 238 411
1536 507 240
608 98 47
1668 292 41
1839 159 78
938 431 181
1182 12 186
1352 109 112
504 14 112
970 293 85
1808 683 290
1258 399 95
663 104 17
1774 41 417
1022 276 89
1269 182 224
990 489 158
1137 88 33
601 115 53
1648 815 16
192 30 39
253 30 15
887 241 72
834 354 148
1893 754 368
1494 173 209
1251 121 243
635 54 146
847 226 69
1580 647 78
1310 119 60
1954 705 313
1445 212 94
699 298 7
1605 220 315
580 263 100
1049 265 41
564 55 89
1036 493 102
750 261 153
1970 374 263
477 183 31
1815 57 98
338 4 61
162 46 14
1301 353 147
1553 52 272
771 65 81
1528 397 331
160 26 25
1917 749 452
1510 630 188
1681 7 189
948 54 196
1410 453 267
293 32 17
635 239 70
1023 353 238
1954 616 124
1119 484 200
140 51 19
1803 508 112
207 71 37
389 79 9
768 162 147
1261 502 226
492 73 10
674 85 42
1503 58 328
1498 392 265
124 20 18
876 27 125
869 250 168
1197 130 238
963 207 238
1828 376 419
716 147 111
587 217 25
519 90 41
1368 316 243
1280 103 40
1283 598 226
1831 568 400
520 99 48
1114 231 241
893 123 11
545 92 35
1430 34 241
944 60 181
549 43 42
260 27 6
470 85 113
1890 835 438
849 14 133
1292 499 12
637 159 103
222 45 52
304 124 7
542 99 46
746 56 4
475 138 44
1547 421 109
1778 570 165
220 75 43
1458 720 186
384 105 35
1792 458 193
635 257 27
1817 290 245
895 404 206
1405 546 132
786 189 29
232 50 10
701 337 96
1403 443 272
729 205 153
326 42 24
1466 176 358
1522 679 119
803 326 71
661 149 105
1824 446 451
919 357 22
645 30 125
826 230 59
1584 613 240
626 78 102
625 187 60
1244 576 226
1483 166 354
1018 434 145
1320 610 18
1120 464 35
1829 721 248
1896 69 294
352 48 83
847 293 109
1667 356 142
756 336 10
1679 465 234
1886 201 460
237 98 36
1374 488 4
549 64 86
1791 586 133
1937 488 209
1825 809 331
395 126 12
1858 882 422
1658 323 162
350 73 84
1781 545 412
1334 389 114
707 261 98
1896 637 260
607 12 65
289 68 56
1594 137 101
1039 314 90
1177 230 57
1914 205 303
748 74 180
612 205 36
1733 447 52
1454 701 48
1778 63 321
981 413 232
1593 393 321
1017 269 113
1297 485 275
1578 415 291
928 236 221
174 18 18
1286 128 140
256 49 4
1666 42 25
1514 337 306
1392 218 204
691 222 34
1063 4 259
225 32 33
258 85 8
1185 1 18
1650 599 263
553 155 16
972 472 187
1318 140 251
1302 385 199
293 101 21
1762 25 258
1861 883 110
686 273 165
1719 524 263
550 214 35
446 166 92
598 169 79
1381 461 203
814 157 9
243 30 19
1136 350 34
1189 496 201
1937 182 313
705 155 164
1962 504 458
1362 287 300
1783 741 334
682 228 77
1341 390 231
952 274 126
389 139 21
1167 326 190
900 335 54
1256 546 143
1772 149 260
1839 112 21
187 55 24
1476 616 32
504 172 86
1541 549 52
909 115 153
213 10 15
146 12 8
369 9 49
1768 250 275
1207 76 89
251 95 56
1403 306 16
327 62 48
1756 144 399
1870 844 334
742 144 32
523 118 119
437 137 39
169 68 35
1503 228 134
1861 803 279
1523 541 60
1086 198 216
593 276 119
854 403 118
340 102 79
1281 91 163
1621 108 324
1487 499 268
1493 391 368
444 110 55
1195 519 59
832 319 60
1957 247 198
1980 444 432
1934 466 329
1865 482 316
130 4 26
1595 596 60
1916 181 306
833 199 165
137 47 25
738 162 24
621 120 44
1767 38 111
1680 401 303
681 147 123
1368 658 233
1553 755 147
1650 239 145
316 79 57
393 88 52
805 254 146
1378 375 317
918 88 211
920 124 171
1375 95 36
1332 336 36
885 45 175
792 211 58
614 296 60
1867 892 411
1980 717 336
1132 530 211
1231 450 289
1787 873 103
1765 874 77
1013 492 204
1288 313 166
243 69 5
968 479 16
1267 396 305
597 92 122
1406 58 316
648 175 26
900 269 209
829 82 44
1574 72 179
1706 81 235
1502 670 367
1444 14 151
1035 399 107
147 37 2
583 56 135
1869 283 166
1292 607 43
1560 401 94
934 313 202
382 37 8
746 84 43
434 25 59
1233 131 300
500 157 41
1165 312 261
1920 450 117
255 49 12
117 39 9
559 226 24
1702 519 322
211 61 7
811 383 36
1669 423 142
1013 190 52
266 79 23
1192 386 176
1778 72 222
1777 168 48
299 121 44
1440 98 118
129 39 25
1326 480 40
1822 528 289
460 178 106
623 52 50
1254 577 54
1329 166 176
1457 199 226
1556 691 212
331 72 28
1047 60 67
1839 229 390
847 208 80
146 53 28
744 366 104
1078 125 101
971 170 138
1700 382 237
138 58 17
1786 238 138
1977 549 370
770 360 52
586 103 104
1404 452 321
1691 694 99
1847 717 133
539 238 5
1171 8 74
263 74 57
951 86 98
1528 525 246
1512 443 362
602 29 41
701 336 45
471 195 87
211 78 12
232 66 25
1016 185 228
392 130 16
671 14 9
825 343 25
711 319 135
1888 547 301
1063 267 20
1348 252 68
1266 138 302
788 347 193
158 4 7
1413 59 114
494 153 64
1615 286 286
1827 397 208
1242 398 290
658 326 22
1710 508 160
858 285 3
752 177 150
434 81 67
781 255 29
1060 414 236
1093 363 157
1488 641 19
965 42 76
483 128 98
942 23 61
708 259 160
1844 630 319
182 16 42
1694 664 2
532 140 81
1276 215 216
516 184 50
1979 369 173
108 10 14
423 26 92
702 2 85
