100
954 404 476
635 171 587
119 3 55
931 301 631
486 132 114
338 35 107
29 7 22
204 40 73
340 102 255
250 105 35
398 21 102
522 151 407
263 120 96
345 43 289
701 298 582
440 25 174
870 299 289
962 111 205
168 30 68
605 200 400
541 137 272
125 23 115
474 6 12
200 96 64
30 1 2
900 163 732
827 60 369
555 135 256
386 178 113
524 206 120
600 30 309
649 214 309
592 202 364
758 350 137
792 71 25
577 111 543
541 99 322
811 6 653
852 112 643
893 1 542
771 138 696
769 70 288
695 127 167
458 11 380
313 84 210
722 252 268
604 92 398
929 242 396
362 116 318
488 112 296
914 380 5
594 287 386
968 210 441
143 8 92
823 318 637
913 20 376
872 340 850
178 50 49
659 45 125
613 210 538
436 148 310
16 1 7
471 223 140
556 108 382
479 177 78
986 16 852
214 29 186
992 316 787
228 35 181
118 17 3
763 210 385
801 345 678
842 25 727
223 19 154
196 85 91
883 143 575
499 100 281
994 77 358
54 10 24
931 369 537
595 213 440
630 197 533
591 227 358
869 298 464
266 120 109
588 218 229
873 343 331
56 18 49
837 275 272
474 23 347
161 9 50
87 31 42
922 71 385
943 283 755
108 48 65
797 267 352
529 106 71
283 20 282
753 369 424
280 29 148
