200
630 275 69
240 64 216
248 60 12
149 71 4
716 307 414
20 6 8
855 123 177
959 362 357
109 48 39
735 263 599
891 24 871
470 45 280
945 150 694
550 36 54
401 14 204
954 60 632
437 136 226
855 293 300
953 457 64
110 37 21
761 28 682
849 112 704
701 238 632
291 14 119
186 91 184
957 24 228
733 33 554
18 2 11
679 192 645
349 1 287
490 37 262
823 398 801
417 174 114
47 7 10
436 204 340
395 75 320
837 29 85
507 159 106
235 92 169
844 5 788
25 2 6
930 180 464
604 44 488
787 194 687
370 32 344
780 43 522
33 15 11
768 238 472
104 36 46
594 206 466
206 38 138
806 349 699
247 89 137
891 146 505
104 49 12
526 78 92
626 40 132
33 15 4
633 205 93
190 18 30
120 41 92
559 95 499
158 39 149
549 15 263
950 167 184
115 12 48
100 42 19
81 1 21
974 118 709
198 81 118
559 230 69
347 18 42
794 103 678
467 36 393
498 159 264
820 331 278
749 266 85
149 51 81
384 35 106
834 341 241
777 139 554
44 8 9
83 21 70
344 35 104
481 215 310
144 58 80
535 120 418
107 5 8
598 246 381
893 327 104
488 95 364
13 3 2
989 265 188
829 53 660
435 151 365
33 10 15
712 126 292
169 78 54
633 214 551
10 3 8
594 44 163
92 18 10
751 128 250
636 4 283
37 3 6
885 102 630
391 48 17
667 257 71
32 1 2
742 24 339
875 323 411
329 133 296
122 40 121
535 249 101
395 189 271
889 379 265
331 136 25
508 232 461
146 53 88
209 50 21
840 256 766
175 55 48
263 43 262
462 96 360
303 132 42
494 154 66
582 22 278
171 59 69
329 13 58
476 49 146
134 17 20
699 147 362
68 9 66
922 113 693
934 263 777
613 183 322
893 409 804
720 22 218
318 3 130
831 67 436
158 51 21
85 8 78
109 46 2
716 115 147
928 230 66
778 158 685
143 11 53
595 61 198
824 376 277
641 287 234
456 192 341
725 329 220
716 327 453
896 217 762
436 179 149
850 117 788
941 373 116
13 3 4
444 77 210
938 82 308
183 41 77
105 17 85
79 19 75
506 219 310
567 243 236
639 166 433
730 9 695
86 38 58
930 394 216
324 77 9
917 273 127
34 1 7
397 98 63
10 1 9
504 146 398
583 118 523
133 53 26
921 253 719
193 28 74
899 201 215
118 35 98
779 229 357
484 11 151
957 347 688
646 196 553
223 80 152
614 56 406
273 49 171
323 66 240
29 11 15
816 1 574
38 12 31
729 278 60
788 137 720
636 302 371
82 11 62
508 144 446
23 5 21
312 1 284
974 240 124
