2
6
4
3
2
2
3
3
3
3
3
5
22
21
6
4
7
2
2
2
2
15
2
4
4
2
3
315
2
2
2
7
2
2
435
2
4
2
45
3
2
3
4
25
15
35
2
9
12
2
13
3
4
2
3
2
69
2
7
3
7
9
8
6
16
3
5
29
2
2
3
3
5
13
6
7
11
3
2
38
5
7
2
10
14
3
34
2
6
2
7
2
10
3
4
9
2
2
12
3
15
5
140
3
2
9
3
5
5
5
3
4
3
39
2
4
5
2
2
2
28
19
2
2
2
5
2
5
5
2
10
3
11
2
8
3
4
241
2
3
20
2
3
5
2
2
26
37
7
15
8
13
9
6
9
3
2
3
4
4
2
684
2
2
7
2
2
6
2
2
2
3
2
12
2
3
4
2
2
6
2
3
2
2
2
8
3
59
6
4
2
2
11
2
2
9
2
3
6
7
4
72
2
30
2
6
10
7
5
37
15
5
3
3
2
3
5
3
2
5
2
3
17
2
2
333
2
5
2
3
2
10
2
5
3
2
9
3
14
4
4
5
101
2
7
3
4
14
6
2
2
3
14
3
123
3
2
5
2
4
7
12
2
7
43
2
2
2
5
6
7
2
6
2
8
38
3
5
2
6
191
2
2
38
2
6
26
5
11
7
8
5
6
2
114
2
2
25
18
2
3
2
3
5
5
2
7
5
3
2
35
33
2
2
3
2
2
4
8
7
3
4
3
6
8
3
85
2
3
13
4
4
3
12
2
4
3
8
2
26
2
4
2
7
3
4
3
3
9
6
3
5
28
2
3
3
2
53
2
38
2
3
5
2
2
9
2
3
52
3
2
10
8
2
31
2
2
3
3
6
17
24
3
25
5
151
2
2
15
4
23
8
30
18
6
11
7
2
2
3
6
2
13
2
2
17
6
2
3
2
277
3
3
2
3
20
5
8
5
23
2
3
2
17
4
6
2
4
4
11
5
3
3
3
9
15
2
8
2
2
4
2
32
6
4
8
41
3
17
137
2
24
20
8
2
2
5
2
4
4
2
16
5
43
2
2
2
6
5
5
2
3
7
5
3
2
7
2
2
2
12
39
2
5
6
2
366
3
2
2
3
4
3
2
3
2
15
2
4
5
3
486
2
23
2
3
5
3
2
3
2
15
2
3
39
2
6
4
23
2
16
4
2
2
7
3
2
63
2
52
32
7
2
7
7
2
31
8
3
35
5
10
4
7
3
8
3
6
2
39
8
11
6
4
11
2
2
8
3
3
3
4
2
3
2
4
2
5
2
2
5
3
6
2
4
2
2
2
2
5
4
6
2
2
4
2
2
4
7
6
4
2
5
2
2
6
6
2
5
6
3
2
8
2
21
3
2
38
6
8
3
2
2
2
13
2
3
34
12
2
3
2
8
10
3
2
9
3
2
3
8
2
3
2
36
3
8
3
8
12
2
3
2
7
50
4
2
2
2
45
13
6
7
3
3
2
2
3
5
7
22
15
18
2
4
2
6
2
4
2
2
9
2
6
89
5
10
3
2
2
2
3
96
16
9
6
2
3
3
6
17
3
3
23
9
3
19
505
9
4
3
215
3
12
10
4
9
11
2
4
41
3
10
5
2
3
3
13
5
2
9
3
2
2
4
2
2
3
2
21
2
2
2
7
77
2
20
2
2
2
38
2
2
6
4
2
7
7
7
8
2
2
12
2
2
3
3
4
2
2
2
4
4
11
9
287
4
3
19
9
2
2
18
2
4
4
2
2
8
2
7
2
3
2
6
3
2
3
4
2
3
4
8
4
2
55
3
5
3
2
