1000
065153
222812
094202
233250
073446
194633
183346
103442
211456
142833
152843
022208
012100
201730
013916
222920
085111
105742
081109
194327
023954
113751
231208
142902
015042
215941
052219
233623
202740
034440
135435
175043
230958
012146
212117
204200
122319
021442
074746
211527
152136
015510
012525
240401
132154
122341
012506
183247
185305
224335
143918
220431
085301
150406
232742
203125
114207
245035
203953
132741
143244
243113
132658
244856
133258
144624
144937
020517
023403
084632
171027
113722
212610
112233
140720
243244
010445
172441
212053
222800
050825
211551
214929
132357
181709
174757
065421
072935
024420
061715
164954
060649
051505
173457
015302
235727
083141
235824
165503
055113
090613
151315
243325
135651
171831
012447
232645
240603
120908
160505
072804
065353
235448
014325
190118
160246
105639
171621
051457
135505
183058
101944
153339
161851
072932
072941
080921
225339
135508
214749
194945
022451
220757
245544
125710
060328
065633
131226
000907
060128
052752
045143
054531
173541
191148
235632
030408
001301
124801
103639
162529
093939
060451
171410
132753
211318
234335
020320
042844
025842
172744
145233
042115
161921
101408
003551
163345
141742
222354
042147
065637
031531
075942
155627
020307
104841
145416
071414
054719
042831
081338
005055
175004
155224
245207
052843
174304
111228
161332
013953
052801
170753
233536
104231
014117
182051
075401
025248
242750
190938
042432
060057
203733
221914
234417
021115
055011
202943
035932
210007
021236
042433
182316
220416
071037
024922
063539
154419
073533
035620
125206
234613
090927
155232
161533
070416
120136
013203
071238
241444
090851
100252
011611
072009
221132
041256
055402
080118
002632
185113
093859
224106
065927
191754
070855
123639
071701
174014
140132
161917
121222
173752
022450
165842
182349
205918
180043
092302
245310
072355
035946
210320
075828
185641
063137
231743
134837
115118
203939
173252
124019
235219
194546
181441
093730
085911
031555
085843
075324
245532
020459
114003
021000
023924
080903
183407
073444
074354
110922
055730
043352
244104
154915
043743
131300
055008
105303
153028
070111
181940
153006
142500
204346
201129
042439
082617
165028
055758
203530
101442
183335
112738
092337
072221
235012
031916
102803
091729
150350
060713
190747
184645
111259
045109
200618
103409
010421
031428
225529
185536
174752
144103
152032
104323
085148
202718
063157
125313
181212
144041
013839
193730
205123
191553
014127
110323
030718
192343
001432
135333
125145
044749
020843
135038
095223
155547
082037
001957
163840
182926
124632
100048
064159
094343
235606
003500
170857
123048
073513
085110
152137
214518
083207
241823
091539
023542
094116
192143
025543
184940
183612
020437
024342
114123
065257
100257
105323
190217
050153
005717
065937
203154
060609
055508
181250
004522
205011
091503
075758
053426
152334
243554
011545
110427
062852
091731
035635
193117
140412
145015
233929
061607
234201
043016
212326
094456
024911
070649
110259
235609
144049
131217
115240
042206
070647
172631
150118
183914
243759
230516
202344
160534
104456
051101
180750
231654
152331
045739
132334
113044
070546
054547
173203
054917
223122
090408
161053
011541
120243
114321
005744
035146
004225
091148
123950
045101
161221
073853
101240
191312
155325
243304
084205
040743
094441
101133
061110
085023
163538
225513
105149
035453
152735
061140
240134
040713
245742
082418
041913
080740
072327
024535
174624
210151
222701
015841
243957
134508
062005
183705
063107
200607
012136
040932
180507
125834
133059
175649
033144
011507
083136
043553
053318
182755
084148
090716
041656
243513
214330
180632
234409
152737
041255
125553
194548
034200
224506
032735
094311
050954
140607
170124
040649
065027
021548
162341
031401
084745
050034
052922
214324
104825
161100
090121
051157
154326
191755
005257
040350
150314
070009
244844
061824
225649
031208
005629
104654
123639
240510
044455
241516
133922
043848
191443
105420
231832
093505
213529
031225
030219
225524
061722
074443
131626
160315
093123
070950
212755
073700
195242
171408
180535
233023
130633
002844
082719
200515
231853
130829
112754
131235
083149
230719
245434
034824
232039
095759
205423
023614
123455
231448
092322
081042
032707
114308
100625
021259
025601
061613
043841
221252
034904
240222
241509
200115
080210
194318
093112
015355
084451
213358
055331
101045
155456
214221
124858
101634
202913
113950
214811
173540
062932
131838
154635
231411
002429
215411
105914
021147
170631
114532
160707
214223
213942
195211
092146
130333
014352
242408
135200
153504
193659
174046
210807
154050
085158
193236
013203
015511
120052
241105
122601
100738
120153
034858
104754
162704
132937
022420
212017
090034
135133
234645
034503
035306
012248
030327
151150
090912
112345
131926
071914
185703
155411
195920
110622
230139
060639
061258
014343
222226
061221
201259
043847
005603
012956
103624
173956
174919
244755
165319
042150
114906
004203
205616
122954
113229
105730
124707
120909
191338
114035
151442
202845
041718
011808
131108
185520
140344
185514
081431
023818
031707
193619
160216
195154
183215
180010
214131
114440
033121
000042
004914
191857
090913
230015
245217
002434
220922
143312
133608
193043
040853
145838
201911
215345
014031
221845
240734
085202
232149
082317
113229
182516
134055
064919
102205
034711
170508
160312
115415
102310
130421
073253
170006
074931
160608
120248
202919
242524
063858
202223
041812
194532
181043
223730
075107
121629
203840
015831
224629
064326
204304
112139
031517
104221
143053
040800
104357
103757
172712
102038
221116
070551
210712
010404
124058
124050
032059
114905
193149
102422
242318
023000
081033
104807
194842
134133
080525
092450
053927
013003
004631
172003
160456
104159
135115
043450
141426
133553
222526
125635
050643
143439
064528
022300
125527
104943
105622
080836
010821
244741
105454
191854
000639
033356
070143
240331
072053
030555
081643
224143
083512
090933
070416
170920
052241
224927
101424
212151
155159
143120
101755
055303
020444
194215
023139
081826
192948
044937
043929
011358
245627
024605
230600
100353
010825
152330
221400
245436
015104
112350
205115
004451
122709
124957
155853
003543
143258
080855
143915
091810
172315
243150
225722
113131
204708
122216
102053
155313
090701
091554
094933
240411
090420
013130
114554
002018
190631
014547
121426
171755
060232
164219
065028
155902
162444
215118
131952
120743
190641
154518
014642
060108
154720
201607
221424
141104
022249
164025
042740
091334
173210
101955
123909
245309
110932
115555
062154
040731
114851
051807
183644
030959
093349
135000
090750
075248
010758
031909
210827
130123
010653
141629
091838
172405
180142
115548
210346
071608
024545
214347
112740
205656
122602
155713
121434
064016
043330
032447
113633
005749
090528
204406
234320
111217
111931
045621
025732
182256
204221
192158
172654
191415
140423
220956
042516
133428
212921
102500
130613
224805
221735
133322
231202
182625
084343
180716
130848
113451
244640
203740
120940
224018
120438
145113
055817
235611
171355
134216
212733
143148
171648
173141
205313
092713
024416
113028
190133
232616
