5000
114321
101619
135515
241121
122210
061402
000025
094235
244326
125319
202449
200910
013425
125140
090459
045350
150309
153831
145235
123542
213313
175641
062708
134247
053601
055418
181950
103422
115503
231731
004110
111440
063143
061757
051157
164351
180514
104613
185204
223431
134035
015131
001511
092628
023659
050942
045608
115452
041458
203406
152728
192003
052957
234716
134956
155235
041531
024632
125021
115130
082140
001245
113026
142052
033124
090238
194712
215916
042413
120324
034017
002022
050514
200035
205038
234536
110041
013809
031246
201917
172018
070614
085730
094652
145046
020454
081315
045607
013233
155346
020301
101649
120702
021751
121344
041510
003348
171901
064451
014119
172752
033048
044907
220741
181634
240513
075818
232310
192050
040956
022504
201302
060717
053450
242703
141347
103543
082749
115734
212140
075404
191348
212415
064311
111908
025124
013030
042114
044854
112111
062058
101827
161720
012402
003920
185346
163034
002526
124624
003549
150634
064000
001825
104505
172629
033656
025932
174704
244746
133740
104247
123228
120705
083802
024651
101018
193810
142251
195417
175433
165804
240154
025731
175435
123752
191843
150128
195300
185816
054628
032000
215750
231716
195554
204418
133815
123404
104934
091111
134627
041124
174130
061041
133632
051955
234043
070709
121625
141009
023730
014517
104957
021627
134628
240001
124618
111204
180720
095525
034217
153046
062308
134241
195456
045240
081153
194204
230159
005600
122318
240319
123045
022926
244534
243751
102811
025014
113854
025019
155854
085925
121548
134030
200346
222116
160813
222215
070019
024320
034302
234241
245528
045221
040807
185200
040604
232251
183009
015003
160002
222422
135759
035523
045419
005113
170854
150105
215543
104121
093124
064856
225823
122617
020147
032904
220644
015226
180800
111447
130502
214055
101119
203216
121449
210418
223814
205511
043954
235757
182325
105113
151251
222022
093551
240126
031029
122236
203428
023329
074740
155356
025115
185510
122727
202617
042522
144437
233431
243216
235815
241348
005614
172403
231601
022230
055550
121718
111937
070825
205634
121349
021410
152317
193643
053452
211045
182441
091517
174422
022420
002907
200225
124505
155646
130044
140450
240432
074516
174147
203144
225957
031931
142034
020558
173152
091743
025126
100145
060808
060007
094455
022711
094358
222318
182520
222335
031659
040453
005210
103251
103218
214526
174743
083752
244330
153516
081906
133657
053344
125515
104318
135654
152631
233205
161010
184106
213248
042640
034114
225537
115526
165749
042122
105342
021833
031033
040949
125138
131801
110008
033721
103210
141609
155306
223937
232603
151127
222155
053715
070612
123830
191136
042751
013117
200054
014153
191336
212429
080654
105934
164501
080904
231723
205636
215508
040202
231012
092300
240912
180010
102331
125605
182521
084028
084649
224136
161741
054721
143735
041811
034634
031908
241557
140356
064414
112132
170011
193358
103728
194735
244111
062725
113747
231957
150855
145941
234848
132852
243854
205005
224351
192904
112904
231553
173216
211806
095753
203301
152140
052031
210035
083057
110923
241455
030848
154858
013731
154030
121144
145405
012902
154232
030222
122805
234712
063647
105050
030100
153633
000225
034518
223443
223537
150507
075833
184307
064641
162502
004949
003009
135625
054723
162718
091255
043825
030857
102622
245428
150852
061750
010800
050626
114621
054234
142607
025142
200901
072238
173355
233507
042228
144826
022610
204211
020410
222316
201303
193854
185613
070016
024624
233633
184858
134617
080445
240836
123128
213103
210510
010501
091615
231249
085743
200836
115746
043658
184139
070139
203006
010502
163104
004841
070255
173353
203648
013254
024056
044058
163845
033901
163127
010818
200656
232657
073456
061132
023208
034220
045332
061813
195135
214656
144956
190217
193714
065116
232642
125054
120411
142755
004949
020432
193209
123658
185442
124612
134506
123619
204531
212140
092349
223204
170948
131522
182617
154047
035315
052737
240510
180709
070408
224111
004102
170618
013903
095307
112058
152934
150010
200309
132914
063552
110252
132503
010314
202857
015329
140632
031244
001142
143202
151513
143657
175324
125843
180635
011200
160305
041555
004139
085137
115144
204042
044454
081626
214647
021133
085831
103421
062413
120523
173026
041646
204843
194006
094322
180959
061316
235738
031820
112628
132445
100334
222146
122058
201604
210625
063428
073850
104216
062150
124833
155919
144020
163357
031428
043553
093633
061206
035453
044321
160253
011658
001511
130114
232633
161529
105706
243135
204426
111614
244112
041426
090622
022415
155857
131825
130436
174200
215719
170001
185059
121102
162043
242520
212838
241342
155830
153806
055719
215459
014853
245215
094617
244958
124422
200652
183812
003421
161953
104517
052240
075210
184856
101158
080043
235256
242703
183029
174023
160858
173017
053806
112949
041559
134909
003434
060109
081902
145911
213606
211957
010554
052220
214943
110337
210545
083323
041318
183346
132634
100206
085438
121135
195850
014856
132527
080917
060520
014344
003202
085146
144619
003629
090121
205644
154249
033757
093348
062727
165101
183157
143206
155253
183110
124215
215302
063527
145217
113527
065325
204944
031255
220245
103422
242935
213010
161403
115146
090223
001205
031223
031254
184527
245653
072839
044544
080026
022939
221400
104642
010610
204241
004008
161441
125135
230809
175816
210356
220101
225755
115908
125227
090155
095730
143959
235354
223006
174355
142517
123423
134335
115753
023323
191703
145016
114534
154842
003444
054722
211402
051724
220350
111731
223327
152517
010303
110423
165025
110832
193606
095004
222632
054003
153535
144823
113830
075622
133555
155718
213805
075951
231119
155636
135219
210016
135318
073934
224452
104848
233640
185742
035616
032653
030613
223038
140323
161104
045146
205022
023800
011756
104216
080917
020648
111013
062822
021830
010251
243345
170447
192557
204122
154231
243608
212110
004821
191347
044836
033902
172136
132548
024524
222802
213126
114829
080110
055750
072015
122037
080352
215147
245117
093851
230340
001257
174321
004200
060923
152111
161240
010931
114821
133942
175543
205551
140546
170814
142458
010804
060908
192222
122245
192316
042112
022159
090615
174941
091732
121745
050712
115956
241821
121222
232643
143447
182746
162705
205441
153039
163959
112832
043640
145233
014832
162831
224830
034154
193703
051611
142140
195950
241814
223122
242052
061139
202450
002354
030518
175643
050310
202532
130411
035948
210357
014040
025057
230942
214732
243117
141046
003841
080953
052829
065016
034738
180243
043008
182228
025241
202656
220412
061257
035048
210342
015755
005317
234230
065745
233856
223701
135020
185749
165938
122751
205520
061352
170805
242527
193759
090434
201256
074854
054144
130534
135659
011504
034922
022234
192912
105230
244740
154304
120600
071010
002302
132722
065711
074311
001810
210334
045307
135343
064335
070706
151357
190745
002155
065007
200902
240146
232932
172442
001913
022744
022344
014025
155532
035803
075347
231939
051056
054726
105624
010821
232931
181444
121222
205420
044916
024555
004301
045814
212737
113346
090253
103142
045147
142146
021345
062259
192203
064719
083535
104412
075117
143936
135449
123807
093119
245824
122050
144421
040558
241027
021828
035602
175156
012928
030701
071711
011733
014428
240309
054554
100625
195043
062037
000846
075634
123601
050134
144454
055903
010914
041722
220718
073534
210031
161233
014408
245150
231051
054548
144822
045642
135946
021935
102802
170334
123630
195424
104552
211746
104829
135417
223803
213721
025701
153218
042838
082650
175348
200956
011100
064336
065322
102835
173619
122846
114606
193841
091922
041755
083855
034448
094631
195157
004021
151833
100427
011334
042856
120222
013028
113839
104607
030139
094232
115511
145707
100806
061344
022449
223127
171816
080752
243725
042544
004320
113748
015419
150346
232154
043802
213003
113841
134950
191103
175624
142044
235702
205530
163851
143159
091211
203106
055328
073403
193230
233453
013822
195800
134601
120932
194526
125838
091626
240858
065242
072747
210939
111209
240546
122913
163638
110916
003030
023652
135137
034915
243631
182114
174845
193555
144007
132527
081306
153033
143244
040350
063652
153744
241702
214720
011742
035834
180911
185352
191937
042424
031734
225326
175332
142800
130152
122622
015729
163943
044548
203742
231056
222941
190050
151943
235144
223822
243537
134707
243055
042444
041510
002531
121636
233709
113101
130007
022046
124203
052322
040433
124534
175548
191816
061925
022617
114556
093435
130115
174523
090505
123335
225151
040832
151613
091554
061612
194603
075059
010555
144348
104819
231431
190845
240507
050802
034557
053255
203519
020247
022449
062231
065246
044632
160412
121202
180357
162400
074934
015126
192239
080022
180445
062824
222231
202410
073735
150439
110254
035301
055800
180215
235512
131554
184419
145953
131839
123142
203853
180252
111500
043810
045135
000727
211730
083454
110028
200521
245536
103418
005437
080100
153421
125835
170007
021137
054643
002124
151410
111653
052729
231218
180914
041351
012624
041244
170736
215639
071712
081102
221011
052144
055536
081253
010650
192622
191649
244026
081412
011411
224152
245003
045700
233825
190358
093009
054021
183158
190118
182557
171031
222446
082916
031611
194355
082005
114215
212132
065535
024409
112445
052529
244823
195249
081917
235920
243913
194615
133138
021222
223153
190919
040650
213936
050614
032545
141721
024414
043741
135102
085221
244503
231402
223516
134841
232357
042737
064455
212613
051004
215940
081102
103348
175241
193357
171338
020840
110404
234954
234259
210958
031443
040034
075255
104634
153350
131054
134523
241534
225031
042129
071437
153559
204110
032350
112445
115002
040821
182934
060927
141935
142133
021533
181943
142440
135147
222330
170857
073059
160412
203617
175632
214103
005320
050912
012908
194734
073635
232140
245330
164922
103340
071600
064058
064538
103843
110818
091312
155946
000030
161815
014715
060002
151631
124501
225121
014256
065833
143645
092311
141306
044953
232104
212747
244929
051100
015342
085911
024301
161732
142240
241945
091845
105200
244927
032027
051446
020126
155137
240419
044922
043839
073141
154925
115538
135047
120532
024509
142443
055708
023923
203503
102535
025204
042753
030159
132656
165708
130149
024501
173926
173627
192045
023526
123456
151454
201154
160913
092918
061150
192124
022606
132652
133252
095546
060647
070229
053614
162435
092956
180612
195828
121401
095202
174046
092346
094153
182506
172638
233921
121942
002655
230853
021147
084252
185007
163832
244052
023043
185449
100939
081544
100619
130403
133608
083736
214712
070457
165254
244504
055309
043527
063954
205853
200559
023252
020421
042017
000636
114913
204300
220940
172814
065903
230933
191040
054152
201049
042303
041102
193636
192755
063322
222918
142022
215424
042514
023504
155854
164129
111103
012452
245020
015039
082105
202347
204659
145816
211824
142006
041533
214031
025120
071153
213112
225123
223920
014638
172914
152143
241735
190733
240854
055611
111440
091915
243540
002218
162923
123954
145907
103400
083155
243819
011151
180918
221931
241503
210502
123047
232109
165246
230653
011608
160202
161411
133059
073944
224850
012319
185245
151334
180503
193833
145558
141632
004537
030117
165913
103935
113745
194227
001840
013504
243904
240004
200008
090214
244041
240138
171404
073016
230250
081100
084855
225837
142122
210744
233009
084230
134248
121504
195013
020606
002447
160933
204948
070922
024911
013750
065137
030755
033604
233640
172339
090015
052949
245843
182524
202141
132557
043455
241822
053841
101407
161221
153447
193031
095046
154113
154340
180942
010319
003314
161515
165930
075634
225722
193950
014400
023421
053251
153119
011015
223458
050129
201030
134800
033533
094741
084924
094003
202801
104206
015803
123548
175459
160305
115225
175647
004832
195949
065234
173123
155007
082903
114235
141211
171755
042522
231920
225956
044141
131011
072508
162819
042028
230015
082739
225741
142552
012706
174217
070135
010726
030118
220500
240357
245503
185940
110304
100316
021726
011423
193316
165212
241140
194455
050143
064913
140142
133710
172442
062851
230754
070603
150607
063331
134827
220457
142933
234948
183437
180611
032154
213227
125140
242558
020717
194056
230805
031746
202131
044319
073823
191636
005111
113013
075144
221218
183136
240017
190152
115536
173223
150357
202714
233912
122834
104324
220310
191020
023305
211613
163457
204457
201451
094103
245712
035539
122938
014743
014433
050848
025231
243630
172719
102331
100832
222734
054606
013525
105702
242143
212509
180122
103930
180005
181103
082926
000054
152836
191817
000913
195516
193407
202106
152954
234407
141935
050107
065230
210454
195007
004858
120313
062744
170240
065857
071906
040919
211944
220839
063432
011537
041520
081723
155333
164656
154703
022513
214614
240933
085510
042457
231118
194930
162116
032342
065406
091458
200159
102546
160246
040157
084235
064056
102359
025756
134032
135032
040032
111955
053410
174307
090916
134249
074451
171306
013257
112654
223934
190319
042011
231125
191046
222111
024339
192456
022823
190056
163932
091629
075808
162713
100015
093507
191034
241839
193613
232625
225804
060104
235550
102632
083023
104501
062744
240830
164552
155602
112135
021624
181813
120700
060730
132545
245107
200538
193900
210733
103813
000737
015437
112619
230759
202246
030115
090319
201311
065536
151937
022058
111910
120727
172629
183533
243837
192753
023911
101043
242208
041807
175731
143338
015308
175452
221731
073114
230254
101914
031652
125640
090908
124930
054342
242627
213611
020136
245828
173319
074322
023905
163757
241141
070007
141841
243232
003838
114353
202101
240407
220940
174351
055144
093622
121638
183110
224726
104048
093625
132630
100159
203217
222048
181638
231459
052156
134441
040036
051432
062954
124457
051542
005317
095120
195327
085044
100822
221711
124945
214210
111109
053834
052715
024026
013452
071309
245035
121844
043632
081516
201141
145604
085958
184342
080104
033103
041614
134122
195753
205111
203511
010410
104123
152104
030112
240355
155650
032141
190022
204503
055832
062429
130856
035614
142206
214639
041058
174126
070248
201518
120455
004757
095332
023422
080624
181157
201612
232221
140047
174855
234815
085257
235700
022345
025342
095003
164007
243922
200958
000247
162822
023954
170432
215852
025047
041552
230115
185255
124350
175958
034923
030517
013835
214725
183736
054736
002306
091446
000041
070710
031409
091627
213523
145701
094544
074805
145308
191335
095244
235450
010602
181957
110639
231108
154309
063150
101950
103819
183421
125013
043748
094115
172256
152646
210847
003733
162638
063158
174648
090457
214625
192327
203237
213416
131601
032928
025540
195917
063406
013716
124345
041232
060112
050542
120337
052922
154232
020920
160555
024823
180809
060642
235159
220743
204359
162320
214552
204910
220306
241943
161131
015718
211359
180610
131739
021624
240204
054443
051809
090946
004940
213812
122813
000353
230939
224513
001526
045234
190047
095451
181419
170158
144223
124026
173906
065328
223426
200116
025943
082913
130357
132443
160411
212754
181759
191703
070653
185250
151330
120621
202414
163700
185341
092012
160944
022610
211709
022516
090606
195003
164850
124136
145007
132624
165118
115903
175944
223701
023525
012008
204716
064143
182529
043530
102146
215910
215435
175228
103126
183006
090315
092150
042935
075657
204137
173125
174919
195452
070327
193833
105823
074606
015057
063530
200031
064519
211717
200253
042820
002059
202634
225408
085119
150733
012442
231520
153526
134613
003249
163722
062456
052028
140342
184027
145348
183403
093917
004114
053643
141456
094123
004500
010917
171816
202700
235959
052640
072244
020600
022303
103306
013213
011034
152339
224224
175004
200200
182759
142127
031752
003341
011209
184904
055621
213353
081811
103704
025550
050325
112326
020541
153817
051740
041136
081735
144304
014206
014008
175616
211933
100402
240938
072309
074013
013537
180758
005111
021338
083305
160917
114520
132112
132453
040043
025033
160248
200302
094043
234107
131018
191500
081319
141017
120852
063126
033359
170508
033359
111742
230944
003804
154036
123459
224847
115413
141358
171154
242603
172717
161504
214219
240638
065726
221120
042345
104633
194412
224410
173524
225257
195009
170544
042503
224808
015610
215610
242948
034236
145928
231400
082319
235019
232443
170327
240638
042529
171537
165118
180050
223259
065529
183250
232753
130731
240010
075720
223258
114136
111129
181533
211553
221907
222319
011144
182227
130506
001215
181959
015013
200632
150919
105311
115524
184932
134853
101247
032626
214334
041823
163754
063254
101536
241016
233241
070703
023459
100827
205218
050921
142324
044902
162712
234326
032448
093447
160300
144844
212852
091906
161405
003710
175422
115701
112547
023745
022937
065923
031304
165736
104211
220811
244921
200812
145132
060616
173349
005303
205914
011401
080243
053322
172453
005615
132233
035301
111131
112138
062124
131018
112421
054922
140738
070544
084329
205139
155644
182613
163401
160052
205133
104408
130430
100026
092734
004104
123508
190805
151940
140122
081634
204240
242428
081755
185331
143038
181607
003124
070605
020916
225144
114837
070151
052339
171803
061521
060033
145057
241310
222536
090900
134428
013224
061850
154104
000727
060659
204123
083941
122141
000217
131823
065615
071624
190532
211101
161951
190248
230841
031718
211553
000001
095212
052810
182707
212238
170006
232217
233224
173343
183059
062929
083819
110243
041915
144650
123647
172109
064149
041252
245044
021903
212224
102636
031534
202655
222815
072104
184721
073105
112512
190920
140519
130823
082219
232537
172946
210721
072218
133800
150858
002019
170621
212118
192809
042555
095804
053853
094208
001354
164812
224518
201745
230515
061710
140134
071613
180637
102558
153310
161825
030136
085303
072832
221625
133317
224458
185302
190017
203053
195032
162729
173730
053833
243614
013359
073055
121102
153058
080020
172158
155657
010823
044900
100949
114042
085531
210416
022906
152956
084249
033337
014133
170928
224740
092207
025357
070301
233108
101857
024523
144803
163550
233856
141127
045234
035414
153459
243753
061639
181616
241630
154016
113038
001616
002749
164836
120201
011843
133349
022629
114057
234802
104927
030707
130812
010256
025531
175722
075730
022736
215820
055750
132115
191152
012021
034743
003118
243723
115519
044432
011159
155010
050720
175819
063839
032336
200639
210542
052046
012737
124119
174840
113059
222728
161934
194834
115604
091004
131332
120031
044242
115240
224346
124240
020533
102723
040804
233150
080518
110738
064530
060759
192413
182221
052205
132231
214810
103006
221550
243732
150731
122003
202309
165233
182657
221420
175728
013324
051204
222417
025626
032505
240238
060427
101403
225944
085940
202810
210704
032421
070749
224816
154400
242804
150938
000637
201721
035516
231210
034704
221311
121759
205844
202925
120623
162646
172953
243415
023707
151840
032342
145143
083043
182406
184823
243254
035525
164543
155225
041407
000236
005110
073211
064553
062030
084116
071852
122836
020103
181853
084458
184722
151623
184141
113251
165310
202644
092109
002519
183024
103246
225350
083001
104225
220603
165704
201359
144728
181054
170226
055449
053458
111826
133510
033511
152510
035106
025055
075129
001056
012337
201230
004307
155337
011105
184713
224718
230415
024938
045518
221451
104518
220321
241233
220820
113654
104501
100819
095416
021149
023355
100338
171307
102618
235556
142353
121846
205123
145225
092103
065855
191949
105757
144412
200116
194842
215612
141526
174637
100347
175429
042400
094110
082815
160557
113414
193359
043555
093410
012437
111831
204530
072334
031300
153118
094605
022506
115814
022715
093711
222520
085116
161956
042314
214405
150658
180358
144203
170727
191350
180624
163200
111313
221334
243420
060008
090248
221813
162358
231109
074800
200348
204635
025644
060301
213430
162819
072326
102644
244606
095552
152939
060546
183604
015626
213328
070216
244001
023313
044548
155555
224533
144021
065009
052533
091705
243245
031034
025040
153542
181252
011944
072154
175413
055234
223436
224537
190816
184809
094018
034252
051037
141924
095627
095531
190537
151332
103156
123637
151949
104809
152920
173016
074308
094210
224534
003440
243523
020653
084009
240615
165928
152802
175505
131907
221137
122012
003730
055414
032714
051540
134342
184238
003117
191552
015951
150330
193323
172750
034836
091215
113736
223712
072804
184718
133838
221025
102736
142636
182528
033501
235029
083930
245042
094459
230849
071919
035151
145451
101840
060815
003400
043420
191507
021028
015019
013602
042646
091421
185811
032805
015007
045302
240700
215333
243713
125023
031942
151008
045757
161050
190128
151224
201517
104526
103000
145542
135533
141527
094839
041458
102740
030232
102414
004715
072604
114502
201145
244547
065010
142201
040006
114459
222648
113246
063804
135800
030957
134041
100316
142222
201923
020953
115111
052624
080741
124015
035657
190829
140458
161216
042852
030340
240335
190750
071820
215159
074542
022123
063603
245436
011623
023430
191031
155707
162535
000158
013256
125028
094959
111759
182123
121158
134221
055646
171122
244648
104437
104434
051402
243310
170943
242525
092303
214751
171533
024311
214741
050526
034022
071224
232820
112928
023553
050410
052112
223624
205235
155340
154802
040653
140705
202233
142641
172203
020404
140437
150034
084320
184407
114257
095820
144416
143144
093550
080821
242504
010724
085112
205842
001640
193820
034157
100803
133250
101248
173548
240915
155842
054612
031349
135144
045735
204328
014725
184652
062912
163935
065443
123802
193545
245128
171005
043118
243613
144953
221059
091913
012727
130545
070447
060449
013659
121952
021258
244646
094656
093952
074550
074828
084501
082734
040145
030648
112707
081111
054545
192609
241547
241515
232226
164344
015152
190632
242616
240503
180056
041614
103013
113746
245715
161234
010428
203253
120555
052315
152044
193353
233710
191240
094113
045028
081529
185327
040649
121010
093729
192700
094926
144004
231255
220746
120258
092123
074211
023001
141813
232817
094353
112019
051717
004505
233249
032522
211330
074536
174808
081659
141113
212528
115807
154156
110028
155708
244205
141537
081927
212622
101517
175526
031029
105839
151435
042544
002536
230648
094401
200810
113258
022214
215227
055207
031533
123637
181506
152951
095246
200806
065636
124738
073009
062250
125918
102457
243255
062410
194917
181405
161547
151353
014348
182013
081737
144301
102228
114559
230259
152422
063929
162838
053025
131416
235115
241815
025855
101126
045141
132125
021754
045820
002302
195553
194401
121953
130351
053320
094513
010750
245815
221135
032241
024334
054948
114712
223754
113447
010748
132954
115210
043810
171742
224350
054734
085203
170307
000438
241935
123832
160857
203549
060715
243226
210737
181129
024425
070222
041219
154052
023409
243401
200455
145321
115425
103950
024940
163349
035509
123403
154729
161102
242831
154745
241530
084122
121435
233421
181404
024357
085001
060543
242353
020523
215940
022211
163700
242202
160501
240353
214859
061332
080915
121602
031112
173438
143156
011726
123450
101932
123901
174353
242530
150737
122359
095259
051921
081349
110654
202512
121311
033221
192315
030421
002123
000732
012146
034836
001229
125221
153842
242144
183553
041746
010625
162422
035155
030449
210256
123514
101002
142544
063721
244518
142828
052714
051338
234453
215417
105351
050648
131111
171808
235454
132303
022423
172632
094800
151721
002737
135929
122602
170751
015859
210429
184827
100823
103111
092743
150117
133757
055030
150654
233253
030036
230944
223836
020354
050653
010330
152906
133839
102209
040846
020647
152602
190540
093005
173931
050538
030304
013233
051324
092355
150157
224021
242015
054158
112401
241354
114034
010409
052122
070831
223121
153320
105645
120716
161910
050031
005439
155440
195210
143231
092505
101056
202314
134758
063148
243618
070830
052158
100814
110336
213417
243105
171741
103956
073050
182137
093924
090056
214859
191105
242731
054207
230543
102049
172408
104551
094754
165108
202443
005349
111322
100846
135458
041726
233941
013821
011834
112057
112521
140235
240156
185014
114329
083243
131022
090505
105919
165701
185055
222311
172547
010613
211715
244044
001540
245308
195717
200014
232236
082416
045833
060025
120926
103220
013301
084330
001139
075758
110020
211420
072334
003209
102754
183607
102140
153043
125922
000632
031718
170700
183455
121209
132946
244713
052630
143127
100529
043945
040457
103800
084848
055403
243109
031551
131439
121206
191117
153546
121830
022928
015207
005104
205211
223044
013922
044746
002530
224956
023446
125325
082055
011211
010649
080349
230637
060812
221922
183159
173706
073514
111609
083126
130148
183021
192305
242210
120519
180715
070239
192300
022751
171833
194021
195518
142409
144309
054630
024452
032811
120118
075444
014058
175215
011903
180049
165101
144005
010120
112801
113716
021315
114458
124858
060513
105948
241714
175824
104400
125808
235536
003657
144027
041833
082545
070431
064755
145647
171117
203715
200228
170853
214736
041012
142948
072659
130111
083252
102310
155538
113825
141139
210805
164330
092611
244333
165429
241717
124351
014613
093421
113616
111320
221832
181747
004109
001742
005055
202107
161655
052947
213032
103558
075940
080104
034435
141005
160545
044236
240027
015811
100434
154506
050550
005429
203655
173842
064403
241325
062058
232028
183236
031607
081400
055103
034822
060919
163146
170955
063225
064110
185652
163157
083542
075544
035057
043953
220002
011408
212008
091546
215955
165058
211924
035119
152316
162512
131648
000129
141328
244809
061326
071500
053114
174513
040259
052344
075342
151451
224823
073516
032424
051836
093139
000517
110627
020239
122722
184714
193257
200736
053738
071239
020711
154625
182210
243324
003550
182244
164708
092144
063231
054327
113129
213747
192729
233338
032839
223003
005113
135010
160632
093247
124145
241630
203103
201844
001432
233520
073152
124340
055657
215224
200447
122445
200928
240152
103216
175012
185401
242040
042508
003426
110239
161302
182417
083916
060519
201748
183349
202750
190429
051005
060719
135000
093404
085916
015337
080526
064353
225756
204547
234734
095323
093427
021638
173401
144449
004155
183826
062852
105810
003225
141056
230306
173917
193142
141119
101654
030928
011726
130627
135225
083346
003320
135848
000152
222253
145102
202010
012144
033946
191422
015647
041735
214306
022447
092943
241444
022400
021137
043801
015149
223653
233600
062022
223231
160019
060151
093255
211133
201654
024249
181156
022911
220504
051234
095909
100545
114222
185601
031653
171345
080718
184518
215120
201050
012108
044554
055636
104352
025303
094021
130958
170404
034021
051031
220834
045850
103311
161033
233244
200802
083644
234526
053423
160443
022406
014755
092646
172434
114834
173714
201713
100157
053739
092528
224440
094419
005459
240622
080350
092334
222313
105125
090654
063730
170418
172317
015321
241812
012838
143925
214051
025810
095249
221100
244121
134851
042416
044325
113749
031432
013218
004203
232339
191246
223859
090531
135359
225948
111940
111827
002417
040339
240510
245843
122815
022435
214608
150641
225207
094609
100450
101924
191043
242735
081244
212039
080451
075234
212447
004230
024003
230307
222050
102638
221638
184513
220424
073430
160812
135231
104112
230332
121720
010222
130006
134258
054447
001049
234535
235140
172742
075217
190847
131724
241827
023415
081325
012923
041157
112931
045353
245703
230508
082540
221125
052152
200829
171132
105729
093538
115842
044601
204638
214118
020926
153947
232449
204601
022048
190723
204950
132943
015345
210434
071514
045929
071844
023738
115518
161901
230634
182644
222740
163719
244048
103255
070226
111935
233839
003929
163850
051612
190442
095713
191443
114135
183102
052017
091314
052320
033559
000741
241655
170030
143113
235412
034113
090815
192806
155434
020111
073042
140204
232436
043739
074207
005229
103126
041909
153629
100858
004104
063243
113635
094716
173848
094606
213336
223934
123313
031136
113850
200519
092226
021232
011934
222029
202027
201035
111949
033340
032633
164142
004747
182909
042054
113602
001011
084351
033908
194349
075931
135455
222019
144253
165208
102216
094651
092808
010023
135653
152634
081612
235909
214755
132120
035755
050712
013254
054243
124412
133131
030844
200919
001821
060350
080413
021430
124409
174213
014312
100556
115025
140711
032423
071808
030517
182234
242527
123736
243102
162459
110747
144228
102801
051829
160038
191156
043427
051002
002909
210632
085811
193523
185903
183653
052753
054425
032507
082613
152030
103904
105803
074157
193928
072120
021246
230205
131901
143030
122207
070356
065646
213711
212904
173757
011316
040804
080540
075927
235804
150953
012007
131325
151645
031847
024157
155331
154421
045310
102247
112422
063022
114349
124233
154921
051128
111959
225612
144823
065227
192847
185642
243140
245242
064838
063451
195114
234247
194701
072002
185957
091005
130333
042334
171538
024029
114042
225834
115022
174538
015232
171017
035437
133704
202054
075926
133958
244156
144023
125222
152007
120439
041133
145428
213516
104913
151851
000654
153728
042910
012648
135733
083804
161651
082948
025346
091424
215358
003419
121134
031020
175714
114251
075839
235652
202407
170916
060650
175452
170039
173055
101853
061112
135518
244157
135051
130107
074144
020333
204314
144636
184044
133528
020337
231320
140524
062119
245859
131648
230810
180526
064942
035235
054655
014850
030907
131409
062852
124738
180608
035819
070001
233049
141121
051851
120410
030252
033946
051102
073046
034837
183948
231833
175848
121811
095531
113519
183033
233819
000834
010128
213655
180645
133909
022535
030413
245819
090345
223332
101324
053236
094639
232839
192525
002659
041218
052006
184412
240856
172106
032028
213054
100127
235638
003258
092922
171050
030911
160357
061248
170636
053858
143131
033739
010639
054153
132241
070825
182844
035938
124255
223441
035847
172235
000235
003732
064354
060918
023716
222630
101604
130626
174406
112639
145637
083730
094246
075356
042652
101936
194451
105240
184821
143649
093029
224921
015110
014053
063746
224806
233713
134700
180817
022252
101930
015456
155129
211912
032850
240358
145530
112631
204203
151105
092839
002333
180457
061835
032346
094027
000008
170512
023926
022628
104536
130212
101116
103641
172010
063915
213930
041051
061755
032414
204437
060419
140110
200847
101535
010036
230639
012253
020434
162916
032417
231820
074428
203400
061916
121028
145801
091021
062224
110731
053537
133445
161926
181615
020440
042716
030613
240239
244541
224322
020813
030538
082154
015308
202226
082451
031823
212602
172726
204932
003734
225817
112849
074446
002233
085322
035228
022658
024628
230134
240051
050744
115049
185912
045515
160234
190218
182552
095108
013209
073925
034317
092739
133037
031956
050255
035158
125108
043834
013102
030045
060603
115258
160439
120121
090908
051338
031527
230247
073721
221056
234224
042506
090548
235745
231206
063454
061735
095440
240358
145309
014006
072959
194831
023234
222558
204346
035711
164710
011209
144802
065507
202929
154619
153237
021750
202757
053221
194753
154912
214557
134531
005737
122225
073324
173535
002731
042332
145125
201822
152432
161307
012240
191733
050146
024828
151439
142244
060459
104135
132915
243316
180139
142242
132939
172156
202029
080949
185652
143108
115926
180036
104215
083936
000734
205957
190743
054047
071857
221203
211111
052746
145436
092303
044033
201212
014043
142041
134759
032916
152518
215904
133250
032430
163020
201828
171943
071951
112631
022354
223141
064401
174147
032039
104718
013226
024606
054418
135513
165004
230031
073544
031235
214653
060049
001146
132955
111616
240024
241202
100724
233451
141148
240019
085409
231913
241442
240145
240306
012109
032741
222414
012759
180003
075457
211317
215602
035924
155523
200323
103246
110715
102124
104432
083036
243811
024213
040423
032839
182652
210453
244828
062612
110916
200246
083445
180236
132216
061145
223719
202937
171017
093749
241045
180301
200639
113457
125443
060840
242537
151827
031904
033007
005028
105527
202249
070524
161715
071847
171419
064612
061500
202208
241156
082205
074951
001957
102726
220743
213148
051000
091724
082125
051713
154128
093511
040317
015915
011508
231016
020642
221639
133404
030955
240647
074439
185931
020624
003135
240509
032534
023425
201802
020750
193252
012309
052323
012802
152042
172355
123555
133950
183312
242449
123819
094201
150109
173621
234727
180134
183819
012602
225323
185412
104200
014717
015852
164703
053446
223541
171008
205248
054407
184546
042854
233506
181412
005616
182330
073206
180802
035013
052247
181348
144824
242724
094003
073303
223633
215924
184653
190849
014647
004222
074309
013356
020302
084919
244618
200340
174000
080926
052013
140258
020509
021539
223328
030659
063924
022901
170521
070059
114938
183838
000755
001801
133144
152726
123859
241559
205004
213700
205703
152853
163948
025246
072520
172508
243323
191103
030656
221325
015049
215847
054344
195423
213125
094632
182229
234109
031434
192627
185139
150502
113009
202900
231415
194242
083856
231635
132443
080538
192843
174530
011019
230737
072512
074049
001304
120603
150616
114047
100629
001101
174914
165827
142827
114557
053252
080519
243336
081514
033942
141223
235249
231803
205112
244034
031143
171152
022427
184207
122816
024521
133620
233440
185819
081643
245653
073334
163552
092714
111149
191745
111833
211545
044739
151148
215406
155401
020247
165909
093047
083519
022729
042155
164152
040941
190445
102110
013544
215847
104729
133910
093505
222612
234123
115155
181636
172616
004935
112601
000235
091255
143633
045839
084118
095242
174834
034315
082239
125903
125156
045902
085236
131327
225318
014520
221149
062931
090246
082328
050231
181838
055606
225809
052331
164939
050048
004739
015013
100745
023849
165247
065451
102217
213338
154420
001510
133409
081451
063746
110420
193239
082243
065145
055848
150655
000800
023947
212035
155348
145941
035105
091854
061532
241740
125214
162118
245942
054552
215749
143901
034611
050159
071043
052726
022514
080651
100323
123818
073228
232055
001852
245504
020117
214518
013820
211950
115229
073452
180351
094656
212111
170103
023448
042955
111328
191210
174120
042017
060504
064042
233927
092008
205523
224016
093230
092541
044523
184859
241140
141701
145107
051855
092059
111306
074909
125859
102315
082435
233551
045105
084513
041133
234614
150650
155834
095700
153216
195210
063242
195033
193558
100052
153316
063815
125919
225224
015051
172249
192450
214848
073738
222743
161004
172011
234824
150545
113416
025809
155623
180009
241501
184134
073359
000422
232437
115136
231312
215855
170815
155758
203257
154403
022655
110243
243843
243332
021417
124009
140742
173758
002656
215352
242034
062752
241050
071949
065958
241706
164714
131216
174453
143215
051706
152949
021236
242408
040515
215434
190547
075543
143939
120412
034200
084748
245157
051223
115914
134830
242231
135036
064957
170133
205756
202003
020143
170843
132607
203235
070549
204553
183633
022039
213007
000911
140330
240314
