100
1925395979
6738628341
7421207049
2834789584
28477682
7801671017
1136135444
376735082
887800956
9900346409
3698815221
1252434373
1009845717
2479702580
2234402760
8959626300
2626889793
8602329913
1861253789
1955287944
7766872191
9722335886
893918749
9367524964
5269008350
7214655277
8308975825
6421439064
560042466
3985704724
4935496837
5516425019
4904244794
3548461229
170369155
3590927456
4091353758
4916247945
1977491975
4891970547
6612116678
1115953350
5023555934
8947818404
7752391225
4753673272
8330158820
9030237719
7469994395
6967191801
8128475816
1059097766
3739724166
1121180277
4927124956
7015881330
4072197761
8377346579
525061514
9082391975
4992082222
963693577
6279622509
4208180108
1692897271
5576429348
2742328178
6070967570
7960914297
4618310706
7618912856
500913451
2426608235
6193789982
6621331791
1785909696
6273643108
4398231939
1584659712
9732807827
3079661189
1589257989
3798267097
4746300150
2797504934
8687479295
6801832073
6244031154
1105309439
4700403429
6865539062
1868852492
4881783116
6269230176
531851092
7809973609
9210142466
8878350945
3845118415
6197561687
