100
87058012128022
99450571348684
57898300132646
1295289536748
55478511878542
6637593267738
54576309440517
75577789971960
93991791794634
44490795885547
41879391422915
10477065371582
44946379860250
19224003823616
29664473066436
61092440499407
64497976824505
63553113517607
20969655037922
15077196928235
94900884193692
5811743658504
5098271827575
50030821504227
35629254322267
399268606449
90722389561579
26321029407064
20164907199735
51875304800059
60779059457945
52781237267381
22958456130276
34921244570422
74311059897500
24157197694248
27329991821719
37774983982299
66546538038159
33478966799750
43398532993641
48635951076603
18545739864853
30047466556917
15023510812896
22897071599367
5914182019560
32286715501228
60019916175032
55511488394414
32164824021173
73221362831699
87331052829737
89711835682640
28847745887898
23451725044045
33579111510595
5673769361017
8054419660157
87048549593649
57527413436540
82773383688112
59380086127082
56996820837142
33946537420695
43482855976742
64895341451621
97130065338643
96054957910078
49386136421263
74502821820483
60676293777899
6612815724936
70665215286162
84165270136876
98251416833875
32155984580178
59957551134611
11355213731929
65450449470843
73754958923967
36802539543394
38554896232918
78126753463567
59452457904946
29687354295284
73495005587157
70498771217819
41136005960987
78744479101839
74484550218396
26707075589625
67411921605406
46851334167062
56120681832018
73142887717833
70440392704951
2926657446928
35654501350045
41991504960048
