100
525183
72744
435140
954722
738164
544464
79208
950290
329609
581746
578739
395373
283147
553755
185910
185621
782766
49474
528751
294787
205416
645637
75583
347618
518316
21937
415258
316778
673210
370438
604452
98043
614788
450459
712476
114954
345737
76952
779441
580199
693964
833095
361240
528520
581474
124266
378982
794289
268361
786059
672697
56855
78107
766200
872941
240053
925093
835364
980294
835290
562805
733909
542109
144579
373690
834605
352364
117637
145106
883843
316226
607111
354875
370847
589944
629734
799922
790285
105978
549572
332736
509045
390108
756394
623827
492904
388877
502769
326299
659253
22392
338425
754518
737506
803801
950719
413633
453466
141844
387940
